TheTime,CO_OP1_Av,CO_OP1_N,CO_OP1_std,CO_OP2_Av,CO_OP2_N,CO_OP2_std,MOS1_Av,MOS1_N,MOS1_std,MOS2_Av,MOS2_N,MOS2_std,MOS3_Av,MOS3_N,MOS3_std,MOS4_Av,MOS4_N,MOS4_std,MOS5_Av,MOS5_N,MOS5_std,MOS6_Av,MOS6_N,MOS6_std,MOS7_Av,MOS7_N,MOS7_std,MOS8_Av,MOS8_N,MOS8_std,NO2_OP1_Av,NO2_OP1_N,NO2_OP1_std,NO2_OP2_Av,NO2_OP2_N,NO2_OP2_std,NO_OP1_Av,NO_OP1_N,NO_OP1_std,NO_OP2_Av,NO_OP2_N,NO_OP2_std,O3_OP1_Av,O3_OP1_N,O3_OP1_std,O3_OP2_Av,O3_OP2_N,O3_OP2_std,Pres1_Av,Pres1_std,RH1_Av,RH1_std,RH2_Av,RH2_std,Temp1_Av,Temp1_std,Temp2_Av,Temp2_std,Temp3_Av,Temp3_std,Voltage_Av,Voltage_std
42604.43841472,0.1298250,5.000000,0.001105660,0.3317250,5.000000,0.0004703700,1.175075,5.000000,9.999000e-05,1.218800,5.000000,0.0001000200,1.567000,5.000000,0.001510400,0,5.000000,0,1.281825,5.000000,0.0001274600,1.105825,5.000000,0.0006689500,1.199325,5.000000,0.0001274500,1.100300,5.000000,0.0001000200,0.1931500,5.000000,9.354000e-05,0.2351250,5.000000,0.0001118000,0.06777501,5.000000,0.006284110,0.2774750,5.000000,0.001263430,0.2400750,5.000000,0.0001000000,0.2252750,5.000000,0.001107920,101511.2,3.370000,69.94000,0.05000000,0.01000000,0,19.70000,0,19.61000,0.01000000,0.1880250,0,1.152038,0
42604.43842647,0.1291500,5.000000,0.001690780,0.3316000,5.000000,0.001328530,1.174800,5.000000,6.124000e-05,1.218425,5.000000,6.126000e-05,1.561800,5.000000,0.001875180,0,5.000000,0,1.281025,5.000000,0.0001837200,1.101725,5.000000,0.006259200,1.198725,5.000000,0.0001457700,1.099875,5.000000,0.0001581300,0.1921000,5.000000,9.354000e-05,0.2350500,5.000000,0.0001000000,0.06787501,5.000000,0.006080710,0.2781750,5.000000,0.0009506700,0.2407500,5.000000,0.0004472100,0.2260500,5.000000,0.0005160000,101514.8,3.540000,69.58000,0.07000000,0,0.01000000,19.70000,0,19.60000,0.01000000,0.1876875,0,1.152150,0
42604.43843823,0.1291500,5.000000,0.001690780,0.3316000,5.000000,0.001328530,1.174800,5.000000,6.124000e-05,1.218425,5.000000,6.126000e-05,1.561800,5.000000,0.001875180,0,5.000000,0,1.281025,5.000000,0.0001837200,1.101725,5.000000,0.006259200,1.198725,5.000000,0.0001457700,1.099875,5.000000,0.0001581300,0.1921000,5.000000,9.354000e-05,0.2350500,5.000000,0.0001000000,0.06787501,5.000000,0.006080710,0.2781750,5.000000,0.0009506700,0.2407500,5.000000,0.0004472100,0.2260500,5.000000,0.0005160000,101514.8,3.540000,69.58000,0.07000000,0,0.01000000,19.70000,0,19.60000,0.01000000,0.1876875,0,1.152150,0
42604.43844998,,,,,,,,,,,,,,,,,,,,,,,,,,,,,,,0.1950500,5.000000,6.124000e-05,,,,,,,,,,0.2402000,5.000000,0.0002449500,0.2253250,5.000000,0.0005567700,,,,,,,,,,,,,,
42604.43846174,0.1296750,5.000000,0.0005567800,0.3337750,5.000000,0.0009199200,1.174575,5.000000,9.999000e-05,1.218150,5.000000,4.999000e-05,1.557875,5.000000,0.0006708300,0,5.000000,0,1.280250,5.000000,0.0001118100,1.088525,5.000000,0.0002783800,1.198200,5.000000,0.0001274500,1.099450,5.000000,6.124000e-05,0.1950500,5.000000,6.124000e-05,0.2350750,5.000000,0.0001000000,0.06447500,5.000000,0.0002000000,0.2757500,5.000000,0.001051790,0.2402000,5.000000,0.0002449500,0.2253250,5.000000,0.0005567700,101513.8,3.540000,69.46000,0.01000000,0.01000000,0,19.70000,0,19.60000,0,0.1880625,0,1.154588,0
42604.43848527,0.1287750,5.000000,0.0008888200,0.3325500,5.000000,0.001570430,1.174450,5.000000,6.126000e-05,1.218025,5.000000,5.002000e-05,1.556600,5.000000,0.001218100,0,5.000000,0,1.279875,5.000000,7.905000e-05,1.072225,5.000000,0.0002291300,1.197750,5.000000,0.0001118100,1.099125,5.000000,0.0001118000,0.1950500,5.000000,6.124000e-05,0.2351250,5.000000,0.0001118000,0.07700001,5.000000,0.006313180,0.2782750,5.000000,0.001028960,0.2400000,5.000000,0,0.2262250,5.000000,0.0004703700,101514.4,4.450000,69.39000,0.02000000,0.01000000,0.01000000,19.70000,0,19.60000,0.01000000,0.1876125,0,1.155038,0
42604.43850877,0.1359500,5.000000,0.008748430,0.3307000,5.000000,0.001155420,1.174250,5.000000,7.905000e-05,1.217750,5.000000,7.905000e-05,1.551600,5.000000,0.0009918500,0,5.000000,0,1.279550,5.000000,6.126000e-05,1.059350,5.000000,0.006388660,1.197500,5.000000,0.0001118100,1.098900,5.000000,4.999000e-05,0.1948500,5.000000,0.0003000000,0.2350500,5.000000,0.0001870800,0.08000000,5.000000,0,0.2782000,5.000000,0.001542320,0.2401000,5.000000,0.0001224800,0.2255500,5.000000,0.0008645800,101515.2,3.250000,69.37000,0.01000000,0.01000000,0,19.70000,0,19.60000,0.01000000,0.1872375,0,1.155113,0
42604.43853227,0.1336500,5.000000,0.006722350,0.3322750,5.000000,0.001670330,1.173975,5.000000,9.353000e-05,1.217525,5.000000,4.999000e-05,1.553650,5.000000,0.001099430,0,5.000000,0,1.279525,5.000000,4.999000e-05,1.046525,5.000000,0.007991560,1.197325,5.000000,6.124000e-05,1.098700,5.000000,6.121000e-05,0.1947500,5.000000,0.0003061900,0.2351250,5.000000,0.0001118000,0.08012500,5.000000,0.0001581100,0.2781750,5.000000,0.001190060,0.2400750,5.000000,0.0001000000,0.2255000,5.000000,0.0008838800,101516.4,3.610000,69.34000,0.02000000,0.01000000,0.01000000,19.70000,0,19.59000,0,0.1878750,0,1.155000,0
42604.43855579,0.1407750,5.000000,0.007726740,0.3317000,5.000000,0.001683740,1.173775,5.000000,4.999000e-05,1.217400,5.000000,4.999000e-05,1.556600,5.000000,0.001589830,0,5.000000,0,1.279450,5.000000,6.126000e-05,1.040225,5.000000,0.0001224700,1.197200,5.000000,6.122000e-05,1.098625,5.000000,0,0.1948750,5.000000,0.0002500000,0.2351750,5.000000,0.0001500000,0.08007501,5.000000,6.124000e-05,0.2776500,5.000000,0.001178980,0.2400250,5.000000,5.000000e-05,0.2262500,5.000000,0.0003708100,101513.0,2.830000,69.26000,0.01000000,0.01000000,0,19.70000,0,19.60000,0,0.1879125,0,1.155113,0
42604.43857930,0.1290250,5.000000,0.0006344300,0.3336250,5.000000,0.0007071000,1.173700,5.000000,6.121000e-05,1.217450,5.000000,6.124000e-05,1.559700,5.000000,0.0007483600,0,5.000000,0,1.279300,5.000000,0.0001000200,1.038425,5.000000,0.003150020,1.197025,5.000000,4.999000e-05,1.098625,5.000000,0,0.1946500,5.000000,0.0004358900,0.2351250,5.000000,0.0001369300,0.07290000,5.000000,0.006645670,0.2758750,5.000000,0.001717560,0.2311000,5.000000,0.004457020,0.2252500,5.000000,0.0004808800,101515.2,2.040000,69.25000,0,0.02000000,0,19.70000,0,19.59000,0.01000000,0.1877250,0,1.155038,0
42604.43860280,0.1298500,5.000000,0.0008993100,0.3330000,5.000000,0.0006324600,1.173675,5.000000,6.124000e-05,1.217575,5.000000,0.0001000200,1.555750,5.000000,0.001362440,0,5.000000,0,1.279050,5.000000,6.126000e-05,1.031125,5.000000,0.001142930,1.196825,5.000000,6.124000e-05,1.098650,5.000000,4.999000e-05,0.1941500,5.000000,0.0002423800,0.2351000,5.000000,9.354000e-05,0.07562500,5.000000,0.005832020,0.2763000,5.000000,0.0001274800,0.2298500,5.000000,0.0003000000,0.2263000,5.000000,0.0007648600,101513.0,2.190000,69.30000,0.02000000,0.01000000,0,19.70000,0,19.60000,0.01000000,0.1878375,0,1.155038,0
42604.43862632,0.1293500,5.000000,0.0009131000,0.3323500,5.000000,0.001044030,1.173750,5.000000,0,1.217750,5.000000,0.0001369200,1.553825,5.000000,0.001720480,0,5.000000,0,1.278875,5.000000,7.907000e-05,1.029575,5.000000,0.001283530,1.196675,5.000000,6.121000e-05,1.098675,5.000000,6.124000e-05,0.1943000,5.000000,0.0003674200,0.2350500,5.000000,0.0001000000,0.07482501,5.000000,0.004926710,0.2767250,5.000000,0.001333230,0.2288750,5.000000,0.0003708100,0.2246000,5.000000,0.0004358900,101518.0,2.450000,69.38000,0.01000000,0.01000000,0,19.70000,0,19.59000,0.01000000,0.1879500,0,1.155225,0
42604.43864984,0.1297500,5.000000,0.001036820,0.3314250,5.000000,0.0004847600,1.173850,5.000000,4.999000e-05,1.217900,5.000000,4.999000e-05,1.553100,5.000000,0.001170990,0,5.000000,0,1.278925,5.000000,6.126000e-05,1.029425,5.000000,0.001011190,1.196700,5.000000,6.122000e-05,1.098825,5.000000,6.126000e-05,0.1943500,5.000000,0.0003391100,0.2351500,5.000000,9.354000e-05,0.07865000,5.000000,0.0007681100,0.2782750,5.000000,0.001335570,0.2288750,5.000000,0.0004873400,0.2257000,5.000000,0.0002915500,101520.2,2.040000,69.16000,0.2000000,0.01000000,0,19.70000,0,19.59000,0,0.1878750,0,1.155075,0
42604.43867334,0.1299500,5.000000,0.0009766000,0.3294750,5.000000,0.001462880,1.173775,5.000000,5.002000e-05,1.217800,5.000000,6.126000e-05,1.548300,5.000000,0.0005733500,0,5.000000,0,1.278675,5.000000,0.0001000200,1.028775,5.000000,0.0008566000,1.196325,5.000000,0.0001274500,1.098575,5.000000,6.124000e-05,0.1943500,5.000000,0.0001837100,0.2350000,5.000000,0.0001581100,0.07482501,5.000000,0.005028420,0.2772000,5.000000,0.001197910,0.2294000,5.000000,0.0006680200,0.2254750,5.000000,0.001184270,101516.6,2.500000,68.38000,0.1800000,0.01000000,0,19.70000,0,19.57000,0.01000000,0.1876875,0,1.155150,0
42604.43869686,0.1332750,5.000000,0.006487680,0.3288000,5.000000,0.0007968600,1.173650,5.000000,4.999000e-05,1.217525,5.000000,4.999000e-05,1.554675,5.000000,0.0006205000,0,5.000000,0,1.278225,5.000000,0.0001457600,1.026275,5.000000,0.002034700,1.195825,5.000000,0.0001274500,1.098150,5.000000,9.356000e-05,0.1941000,5.000000,9.354000e-05,0.2351000,5.000000,0.0001457800,0.07322501,5.000000,0.006656950,0.2795250,5.000000,0.0004358900,0.2289000,5.000000,0.0007176400,0.2260000,5.000000,0.001054750,101517.6,1.020000,68.02000,0.03000000,0.01000000,0,19.70000,0,19.56000,0.01000000,0.1878375,0,1.155188,0
42604.43872037,0.1322500,5.000000,0.006418720,0.3298000,5.000000,0.0008609600,1.173575,5.000000,6.124000e-05,1.217300,5.000000,6.126000e-05,1.557775,5.000000,0.001404010,0,5.000000,0,1.277900,5.000000,4.999000e-05,1.036025,5.000000,0.001854740,1.195300,5.000000,0.0001000200,1.097750,5.000000,0.0001118100,0.1937750,5.000000,0.0004500000,0.2351250,5.000000,7.906000e-05,0.07377501,5.000000,0.006609370,0.2783250,5.000000,0.001568440,0.2286000,5.000000,0.0008000000,0.2252750,5.000000,0.001328530,101515.8,3.060000,67.92000,0.01000000,0,0,19.70000,0,19.56000,0.01000000,0.1875000,0,1.155038,0
42604.43874387,0.1316500,5.000000,0.006552860,0.3304750,5.000000,0.001992790,1.173525,5.000000,5.002000e-05,1.217150,5.000000,4.999000e-05,1.551250,5.000000,0.002276240,0,5.000000,0,1.277600,5.000000,9.353000e-05,1.028725,5.000000,0.001950000,1.194900,5.000000,9.356000e-05,1.097500,5.000000,7.905000e-05,0.1927500,5.000000,0,0.2351000,5.000000,0.0001224800,0.07525001,5.000000,0.005603010,0.2767250,5.000000,0.0009598200,0.2288000,5.000000,0.0007483300,0.2256750,5.000000,0.0007524900,101521.2,2.040000,67.90000,0.01000000,0.09000000,0.04000000,19.70000,0,19.56000,0.01000000,0.1497375,0.07000000,1.155188,0
42604.43876739,0.1350000,5.000000,0.008277990,0.3311250,5.000000,0.001294220,1.173475,5.000000,9.353000e-05,1.217075,5.000000,6.124000e-05,1.549175,5.000000,0.002882700,0,5.000000,0,1.277425,5.000000,6.126000e-05,0.2328250,5.000000,0.002504490,1.194650,5.000000,4.999000e-05,1.097325,5.000000,6.121000e-05,0.1926250,5.000000,0.0001118000,0.2350250,5.000000,5.000000e-05,0.06905001,5.000000,0.004495550,0.2791250,5.000000,0.002439260,0.2278750,5.000000,0.0004401700,0.2253500,5.000000,0.001223210,101518.6,1.850000,67.87000,0.02000000,0.1000000,0,19.70000,0,19.56000,0.01000000,0.1876500,0,1.155150,0
42604.43879090,0.1291250,5.000000,0.0007541600,0.3319750,5.000000,0.001079350,1.173250,5.000000,7.906000e-05,1.216700,5.000000,6.122000e-05,1.548825,5.000000,0.001174220,0,5.000000,0,1.277325,5.000000,6.124000e-05,0.2324000,5.000000,0.004218560,1.194600,5.000000,4.999000e-05,1.097125,5.000000,7.905000e-05,0.1925500,5.000000,6.123000e-05,0.2351000,5.000000,0.0001457800,0.06587500,5.000000,0.0004472100,0.2779000,5.000000,0.0006093000,0.2277500,5.000000,0.0009354100,0.2253000,5.000000,0.001077030,101516.8,3.600000,67.86000,0.01000000,0.1000000,0.01000000,19.70000,0,19.56000,0.01000000,0.1875750,0,1.155075,0
42604.43881442,0.1290500,5.000000,0.0005947700,0.3321250,5.000000,0.0004743400,1.173000,5.000000,7.907000e-05,1.216475,5.000000,9.353000e-05,1.557200,5.000000,0.003171760,0,5.000000,0,1.277200,5.000000,6.121000e-05,0.2307500,5.000000,0.001405350,1.194525,5.000000,4.999000e-05,1.097025,5.000000,4.999000e-05,0.1925750,5.000000,0.0001000000,0.2350750,5.000000,0.0001000000,0.06547501,5.000000,0.001157580,0.2775000,5.000000,0.0009746800,0.2271250,5.000000,0.0006422600,0.2253250,5.000000,0.0007228400,101518.8,3.250000,67.93000,0.02000000,0.1100000,0,19.70000,0,19.55000,0.01000000,0.1873125,0,1.155113,0
42604.43883791,0.1285000,5.000000,0.0003952800,0.3301500,5.000000,0.001372500,1.172850,5.000000,5.000000e-05,1.216350,5.000000,5.002000e-05,1.559325,5.000000,0.0005894800,0,5.000000,0,1.277000,5.000000,0.0001118100,0.2224000,5.000000,0.008096830,1.194400,5.000000,4.999000e-05,1.096975,5.000000,4.999000e-05,0.1922500,5.000000,0.0002622000,0.2350250,5.000000,5.000000e-05,0.06855001,5.000000,0.001536230,0.2806000,5.000000,0.002327010,0.2286250,5.000000,0.0009486800,0.2262000,5.000000,0.0007097500,101517.4,3.830000,68.07000,0.03000000,0.1100000,0,19.70000,0,19.56000,0.01000000,0.1873500,0,1.155113,0
42604.43884968,0.1285000,5.000000,0.0003952800,0.3301500,5.000000,0.001372500,1.172850,5.000000,5.000000e-05,1.216350,5.000000,5.002000e-05,1.559325,5.000000,0.0005894800,0,5.000000,0,1.277000,5.000000,0.0001118100,0.2224000,5.000000,0.008096830,1.194400,5.000000,4.999000e-05,1.096975,5.000000,4.999000e-05,0.1922500,5.000000,0.0002622000,0.2350250,5.000000,5.000000e-05,0.06855001,5.000000,0.001536230,0.2806000,5.000000,0.002327010,0.2286250,5.000000,0.0009486800,0.2262000,5.000000,0.0007097500,101517.4,3.830000,68.07000,0.03000000,0.1100000,0,19.70000,0,19.56000,0.01000000,0.1873500,0,1.155113,0
42604.43886143,,,,,,,,,,,,,,,,,,,,,,,,,,,,,,,,,,,,,,,,,,,0.2284500,5.000000,0.0004227900,0.2259750,5.000000,0.0009727500,,,,,,,,,,,,,,
42604.43887319,0.1378000,5.000000,0.007951650,0.3298250,5.000000,0.0005623600,1.172775,5.000000,4.999000e-05,1.216250,5.000000,0,1.552300,5.000000,0.002689810,0,5.000000,0,1.276625,5.000000,7.905000e-05,0.2089500,5.000000,0.007552150,1.194200,5.000000,6.122000e-05,1.097000,5.000000,0,0.1923750,5.000000,0.0002091700,0.2351750,5.000000,0.0001000000,0.06797500,5.000000,0.005008990,0.2786500,5.000000,0.0006144100,,,,,,,101519.0,4.340000,68.19000,0.02000000,0.1000000,0,19.70000,0,19.56000,0.01000000,0.1875375,0,1.152113,0
42604.43888494,0.1313500,5.000000,0.005851490,0.3306250,5.000000,0.002081170,1.172675,5.000000,6.126000e-05,1.216200,5.000000,6.124000e-05,1.552125,5.000000,0.0006614200,0,5.000000,0,1.276200,5.000000,0.0001274500,0.2077250,5.000000,0.008243330,1.193950,5.000000,9.999000e-05,1.097025,5.000000,4.999000e-05,0.1940500,5.000000,0.004100000,0.2351000,5.000000,9.354000e-05,0.07635001,5.000000,0.0003482100,0.2760250,5.000000,0.0003391200,0.2288250,5.000000,0.0004301200,0.2254750,5.000000,0.0003984400,101518.8,4.070000,68.28000,0.02000000,0.1000000,0,19.70000,0,19.57000,0,0.1872375,0,1.152113,0
42604.43890844,0.1325500,5.000000,0.005637820,0.3323500,5.000000,0.001028960,1.172575,5.000000,6.121000e-05,1.216225,5.000000,5.002000e-05,1.545850,5.000000,0.0006585800,0,5.000000,0,1.275900,5.000000,4.999000e-05,0.2010750,5.000000,0.001536230,1.193775,5.000000,4.999000e-05,1.097025,5.000000,5.000000e-05,0.2004000,5.000000,0.004200000,0.2350750,5.000000,0.0001000000,0.07667500,5.000000,0.0003588200,0.2761250,5.000000,0.0008696300,0.2267250,5.000000,0.001773770,0.2256250,5.000000,0.001045830,101515.4,2.580000,68.31000,0.01000000,0.1000000,0,19.70000,0,19.56000,0.01000000,0.1873500,0,1.152113,0
42604.43893196,0.1345000,5.000000,0.007859710,0.3313500,5.000000,0.0005086800,1.172575,5.000000,6.124000e-05,1.216325,5.000000,6.126000e-05,1.548025,5.000000,0.001173670,0,5.000000,0,1.276025,5.000000,4.999000e-05,0.2007000,5.000000,0.0005396800,1.193900,5.000000,4.999000e-05,1.096925,5.000000,6.126000e-05,0.1920750,5.000000,0.0001000000,0.2350500,5.000000,0.0001000000,0.07405001,5.000000,0.005046410,0.2768000,5.000000,0.001435270,0.2288000,5.000000,0.0004227900,0.2257750,5.000000,0.0007000000,101517.8,2.040000,68.12000,0.06000000,0.1000000,0,19.70000,0,19.56000,0,0.1876125,0,1.152150,0
42604.43894372,0.1345000,5.000000,0.007859710,0.3313500,5.000000,0.0005086800,1.172575,5.000000,6.124000e-05,1.216325,5.000000,6.126000e-05,1.548025,5.000000,0.001173670,0,5.000000,0,1.276025,5.000000,4.999000e-05,0.2007000,5.000000,0.0005396800,1.193900,5.000000,4.999000e-05,1.096925,5.000000,6.126000e-05,0.1920750,5.000000,0.0001000000,0.2350500,5.000000,0.0001000000,0.07405001,5.000000,0.005046410,0.2768000,5.000000,0.001435270,0.2288000,5.000000,0.0004227900,0.2257750,5.000000,0.0007000000,101517.8,2.040000,68.12000,0.06000000,0.1000000,0,19.70000,0,19.56000,0,0.1876125,0,1.152150,0
42604.43896722,0.1345250,5.000000,0.007738050,0.3304500,5.000000,0.0002915400,1.172625,5.000000,7.907000e-05,1.216650,5.000000,9.353000e-05,1.550875,5.000000,0.001532970,0,5.000000,0,1.276125,5.000000,7.905000e-05,0.2005500,5.000000,0.0007607600,1.194025,5.000000,9.353000e-05,1.096875,5.000000,0,0.1925500,5.000000,6.124000e-05,0.2351250,5.000000,0.0001118000,0.07637500,5.000000,0.001294220,0.2752750,5.000000,0.0007802200,0.2285750,5.000000,0.0005511300,0.2259000,5.000000,0.0006490300,101514.6,2.500000,67.81000,0.07000000,0.1000000,0,19.70000,0,19.56000,0.01000000,0.1875000,0,1.152113,0
42604.43897898,0.1283500,5.000000,0.0001837100,0.3323500,5.000000,0.0004286600,1.172925,5.000000,0.0001274600,1.217100,5.000000,9.356000e-05,1.556100,5.000000,0.001212940,0,5.000000,0,1.276300,5.000000,6.126000e-05,0.2046000,5.000000,0.0007219700,1.194275,5.000000,4.999000e-05,1.096875,5.000000,7.906000e-05,0.1926000,5.000000,9.354000e-05,0.2350750,5.000000,6.124000e-05,0.07690001,5.000000,0.001677800,0.2779250,5.000000,0.001091440,0.2282000,5.000000,0.0001274800,0.2255750,5.000000,0.0003674200,101517.2,4.170000,67.45000,0.08000000,0.1000000,0,19.70000,0,19.56000,0,0.1875750,0,1.155075,0
42604.43899074,0.1283500,5.000000,0.0001837100,0.3323500,5.000000,0.0004286600,1.172925,5.000000,0.0001274600,1.217100,5.000000,9.356000e-05,1.556100,5.000000,0.001212940,0,5.000000,0,1.276300,5.000000,6.126000e-05,0.2046000,5.000000,0.0007219700,1.194275,5.000000,4.999000e-05,1.096875,5.000000,7.906000e-05,0.1926000,5.000000,9.354000e-05,0.2350750,5.000000,6.124000e-05,0.07690001,5.000000,0.001677800,0.2779250,5.000000,0.001091440,0.2282000,5.000000,0.0001274800,0.2255750,5.000000,0.0003674200,101517.2,4.170000,67.45000,0.08000000,0.1000000,0,19.70000,0,19.56000,0,0.1875750,0,1.155075,0
42604.43901426,0.1284750,5.000000,0.0003824200,0.3321250,5.000000,0.001101140,1.173325,5.000000,0.0001000200,1.217750,5.000000,7.905000e-05,1.552575,5.000000,0.003731270,0,5.000000,0,1.276475,5.000000,5.002000e-05,0.2063250,5.000000,0.0002179400,1.194550,5.000000,0.0001274500,1.097050,5.000000,9.999000e-05,0.1922000,5.000000,0.0002573900,0.2350250,5.000000,5.000000e-05,0.07495000,5.000000,0.001077030,0.2756500,5.000000,0.0005777100,0.2282250,5.000000,0.0001658300,0.2261000,5.000000,0.001090870,101517.2,2.040000,67.15000,0.07000000,0.1000000,0,19.70000,0,19.54000,0.01000000,0.1875750,0,1.155075,0
42604.43903778,0.1286750,5.000000,0.0005099000,0.3324750,5.000000,0.001230860,1.173750,5.000000,7.905000e-05,1.218125,5.000000,0.0001118100,1.545975,5.000000,0.001469270,0,5.000000,0,1.276925,5.000000,0.0001274500,0.2044000,5.000000,0.001554030,1.195025,5.000000,9.353000e-05,1.097350,5.000000,4.999000e-05,0.1923000,5.000000,0.0001695600,0.2351000,5.000000,0.0001457700,0.07712501,5.000000,0.002261080,0.2791500,5.000000,0.001929060,0.2285000,5.000000,0.0007582900,0.2256500,5.000000,0.0005667900,101511.6,2.650000,67.09000,0.01000000,0.1000000,0,19.70000,0,19.55000,0.01000000,0.1876500,0,1.155075,0
42604.43906127,0.1322000,5.000000,0.006749350,0.3334500,5.000000,0.0009669600,1.173950,5.000000,6.124000e-05,1.218250,5.000000,0,1.553000,5.000000,0.0008587800,0,5.000000,0,1.277350,5.000000,9.355000e-05,0.1982250,5.000000,0.004741040,1.195475,5.000000,9.356000e-05,1.097600,5.000000,5.000000e-05,0.1933250,5.000000,0.0008276500,0.2350250,5.000000,5.000000e-05,0.07795000,5.000000,0.001249000,0.2778250,5.000000,0.001336030,0.2278250,5.000000,0.0009273600,0.2259750,5.000000,0.0004769700,101512.6,3.980000,67.18000,0.02000000,0.1000000,0.01000000,19.70000,0,19.55000,0.01000000,0.1874625,0,1.155113,0
42604.43908478,0.1392500,5.000000,0.008393080,0.3320750,5.000000,0.001564440,1.173975,5.000000,4.999000e-05,1.218250,5.000000,7.905000e-05,1.552650,5.000000,0.002401040,0,5.000000,0,1.277700,5.000000,0.0001274900,0.2026500,5.000000,0.001690780,1.195750,5.000000,7.905000e-05,1.097775,5.000000,4.999000e-05,0.1940500,5.000000,6.124000e-05,0.2351500,5.000000,9.354000e-05,0.06612501,5.000000,0.001691890,0.2785500,5.000000,0.0008162400,0.2286250,5.000000,0.001373860,0.2262500,5.000000,0.001267380,101511.6,4.720000,67.24000,0.01000000,0.1100000,0,19.70000,0,19.55000,0.01000000,0.1875375,0,1.155188,0
42604.43910831,0.1424250,5.000000,0.006262790,0.3321000,5.000000,0.001545960,1.173950,5.000000,6.124000e-05,1.218225,5.000000,5.002000e-05,1.551475,5.000000,0.004123410,0,5.000000,0,1.277925,5.000000,6.121000e-05,0.1972500,5.000000,0.001095440,1.195825,5.000000,6.124000e-05,1.097975,5.000000,9.355000e-05,0.1940000,5.000000,0,0.2350500,5.000000,0.0001000000,0.06555001,5.000000,0.0006736100,0.2789500,5.000000,0.001020420,0.2280250,5.000000,0.0008381500,0.2261000,5.000000,0.001079350,101518.2,1.330000,67.32000,0.03000000,0.1000000,0,19.70000,0,19.55000,0.01000000,0.1875000,0,1.155150,0
42604.43913181,0.1421500,5.000000,0.006993480,0.3316000,5.000000,0.0006633300,1.173950,5.000000,6.126000e-05,1.218250,5.000000,0,1.550675,5.000000,0.001996240,0,5.000000,0,1.278050,5.000000,6.122000e-05,0.1903000,5.000000,0.007251980,1.195900,5.000000,4.999000e-05,1.098100,5.000000,5.000000e-05,0.1940750,5.000000,0.0001000000,0.2350750,5.000000,0.0001000000,0.07325000,5.000000,0.006200810,0.2774000,5.000000,0.001964370,0.2282750,5.000000,0.0005777100,0.2258500,5.000000,0.0006680200,101516.2,2.230000,67.44000,0.01000000,0.1000000,0,19.70000,0,19.56000,0.01000000,0.1875375,0,1.155075,0
42604.43915532,0.1316500,5.000000,0.007175650,0.3311000,5.000000,0.0007516700,1.173825,5.000000,6.126000e-05,1.218075,5.000000,6.124000e-05,1.556325,5.000000,0.001158120,0,5.000000,0,1.278100,5.000000,4.999000e-05,0.1734250,5.000000,0.0007729800,1.196000,5.000000,0,1.098150,5.000000,9.353000e-05,0.1941750,5.000000,0.0001000000,0.2351250,5.000000,0.0001118000,0.06530001,5.000000,0.0006919200,0.2791000,5.000000,0.0009500000,0.2277250,5.000000,0.0006144100,0.2251000,5.000000,0.0007960800,101516.8,2.790000,67.43000,0.01000000,0.1100000,0.01000000,19.70000,0,19.56000,0.01000000,0.1876125,0,1.155150,0
42604.43917883,0.1419500,5.000000,0.006823950,0.3307000,5.000000,0.001077030,1.173750,5.000000,0,1.218000,5.000000,0,1.551450,5.000000,0.002053370,0,5.000000,0,1.278075,5.000000,6.126000e-05,0.1707500,5.000000,0.0005755400,1.195975,5.000000,4.999000e-05,1.098300,5.000000,6.126000e-05,0.1936500,5.000000,0.0007000000,0.2351250,5.000000,0.0001118000,0.07265001,5.000000,0.006564300,0.2769000,5.000000,0.0005722700,0.2281250,5.000000,0.0005700900,0.2257250,5.000000,0.0006490400,101515.8,1.600000,67.41000,0.01000000,0.1100000,0,19.70000,0,19.55000,0.01000000,0.1872375,0,1.155075,0
42604.43920234,0.1387250,5.000000,0.008047670,0.3305000,5.000000,0.001264910,1.173700,5.000000,6.124000e-05,1.217975,5.000000,4.999000e-05,1.553700,5.000000,0.002168810,0,5.000000,0,1.278025,5.000000,4.999000e-05,0.1695500,5.000000,0.001014270,1.195875,5.000000,0,1.098375,5.000000,7.906000e-05,0.1922000,5.000000,0.0001000000,0.2351500,5.000000,0.0001224700,0.06765001,5.000000,0.005351050,0.2776500,5.000000,0.001531750,0.2282750,5.000000,0.001354160,0.2260250,5.000000,0.0008154700,101516.4,1.740000,67.39000,0.03000000,0.1100000,0,19.70000,0,19.56000,0.01000000,0.1873125,0,1.155113,0
42604.43922586,0.1322000,5.000000,0.006675800,0.3326000,5.000000,0.0008853000,1.173550,5.000000,6.124000e-05,1.217750,5.000000,0.0001118100,1.553650,5.000000,0.002526630,0,5.000000,0,1.277850,5.000000,4.999000e-05,0.1672250,5.000000,0.001119150,1.195625,5.000000,7.905000e-05,1.098325,5.000000,6.122000e-05,0.1920500,5.000000,6.124000e-05,0.2350500,5.000000,6.124000e-05,0.07497500,5.000000,0.005353390,0.2776500,5.000000,0.0009981300,0.2286250,5.000000,0.0003535500,0.2257750,5.000000,0.0004636800,101515.2,1.470000,67.01000,0.1000000,0.1100000,0,19.70000,0,19.54000,0.01000000,0.1874625,0,1.155038,0
42604.43924937,0.1320750,5.000000,0.006477660,0.3310750,5.000000,0.001004990,1.173225,5.000000,4.999000e-05,1.217250,5.000000,0.0001118000,1.555625,5.000000,0.001884140,0,5.000000,0,1.277500,5.000000,0.0001118100,0.1676500,5.000000,0.001335570,1.195350,5.000000,0.0001224600,1.098050,5.000000,6.124000e-05,0.1921000,5.000000,9.354000e-05,0.2351250,5.000000,0.0001118000,0.07365000,5.000000,0.001712820,0.2737000,5.000000,0.002315160,0.2281000,5.000000,0.0007640400,0.2249750,5.000000,0.0003297700,101515.2,3.120000,66.62000,0.07000000,0.1100000,0,19.68000,0.04000000,19.53000,0.01000000,0.1877250,0,1.155188,0
42604.43927286,0.1315000,5.000000,0.006253500,0.3329250,5.000000,0.001515750,1.172925,5.000000,6.126000e-05,1.216925,5.000000,6.124000e-05,1.558800,5.000000,0.001931030,0,5.000000,0,1.277100,5.000000,0.0001457700,0.1674250,5.000000,0.001836440,1.194925,5.000000,0.0001274800,1.097850,5.000000,4.999000e-05,0.1920250,5.000000,5.000000e-05,0.2350750,5.000000,6.124000e-05,0.07617501,5.000000,0.002129550,0.2766250,5.000000,0.002072140,0.2285000,5.000000,0.0007746000,0.2254250,5.000000,0.0008463200,101515.4,1.960000,66.43000,0.01000000,0.1100000,0,19.66000,0.05000000,19.52000,0.01000000,0.1874625,0,1.153275,0
42604.43929639,0.1298500,5.000000,0.0008306600,0.3344500,5.000000,0.0006403100,1.172800,5.000000,0.0001000200,1.216725,5.000000,4.999000e-05,1.551475,5.000000,0.002504230,0,5.000000,0,1.276475,5.000000,0.0001658300,0.1643000,5.000000,0.0004782800,1.194500,5.000000,7.905000e-05,1.097600,5.000000,9.353000e-05,0.2000750,5.000000,0.004038560,0.2352500,5.000000,0,0.07190001,5.000000,0.006399900,0.2792000,5.000000,0.001136330,0.2283000,5.000000,0.0003588200,0.2255250,5.000000,0.0005025000,101516.8,4.220000,66.55000,0.03000000,0.1100000,0,19.60000,0,19.54000,0.01000000,0.1874625,0,1.152188,0
42604.43931989,0.1370250,5.000000,0.006625890,0.3323250,5.000000,0.0007399300,1.172725,5.000000,4.999000e-05,1.216600,5.000000,5.000000e-05,1.553225,5.000000,0.002093740,0,5.000000,0,1.275900,5.000000,9.356000e-05,0.1635500,5.000000,0.001568440,1.194075,5.000000,0.0001274500,1.097425,5.000000,6.126000e-05,0.2021500,5.000000,9.354000e-05,0.2351500,5.000000,0.0001457800,0.07385000,5.000000,0.004684010,0.2771750,5.000000,0.001091440,0.2281750,5.000000,0.0002449500,0.2254750,5.000000,0.001090870,101519.8,3.190000,66.64000,0.01000000,0.1100000,0,19.66000,0.05000000,19.53000,0,0.1873125,0,1.152075,0
42604.43934340,0.1301750,5.000000,0.001354620,0.3355250,5.000000,0.0007842200,1.172650,5.000000,4.999000e-05,1.216550,5.000000,6.126000e-05,1.548525,5.000000,0.003019110,0,5.000000,0,1.275150,5.000000,0.0001457800,0.1624250,5.000000,0.004787740,1.193425,5.000000,0.0001274900,1.097175,5.000000,6.124000e-05,0.2020500,5.000000,6.124000e-05,0.2351250,5.000000,0.0001118000,0.07407500,5.000000,0.001263920,0.2767750,5.000000,0.001058890,0.2258250,5.000000,0.001843230,0.2258250,5.000000,0.0008681900,101515.8,1.940000,66.75000,0.02000000,0.1000000,0.01000000,19.62000,0.04000000,19.54000,0.01000000,0.1874625,0,1.152075,0
42604.43936692,0.1356500,5.000000,0.006235680,0.3329250,5.000000,0.001268860,1.172525,5.000000,4.999000e-05,1.216400,5.000000,9.353000e-05,1.543300,5.000000,0.001727730,0,5.000000,0,1.274775,5.000000,4.999000e-05,0.1648000,5.000000,0.004981590,1.193100,5.000000,4.999000e-05,1.096975,5.000000,4.999000e-05,0.2016250,5.000000,0.0007500000,0.2351000,5.000000,9.354000e-05,0.07445001,5.000000,0.001053570,0.2780500,5.000000,0.001029570,0.2257500,5.000000,0.001547170,0.2257250,5.000000,0.001090870,101516.2,3.490000,66.82000,0.01000000,0.1000000,0,19.66000,0.05000000,19.54000,0.01000000,0.1873875,0,1.152113,0
42604.43939042,0.1365500,5.000000,0.006984180,0.3323000,5.000000,0.001363820,1.172425,5.000000,6.122000e-05,1.216375,5.000000,0,1.542500,5.000000,0.001378400,0,5.000000,0,1.274825,5.000000,6.126000e-05,0.1697250,5.000000,0.004801950,1.193175,5.000000,6.122000e-05,1.096950,5.000000,6.126000e-05,0.2020000,5.000000,0,0.2351750,5.000000,0.0001000000,0.07575000,5.000000,0.0005645800,0.2774000,5.000000,0.0009981200,0.2267000,5.000000,0.001782910,0.2261250,5.000000,0.0006174500,101516.0,2.970000,66.81000,0.01000000,0.1000000,0,19.64000,0.05000000,19.53000,0.01000000,0.1875375,0,1.152038,0
42604.43940217,,,,,,,,,,,,,,,,,,,,,,,,,,,,,,,,,,,,,,,,,,,,,,,,,101516.0,2.970000,66.81000,0.01000000,0.1000000,0,19.64000,0.05000000,19.53000,0.01000000,0.1875375,0,1.152038,0
42604.43941394,0.1328500,5.000000,0.003894230,0.3326500,5.000000,0.001146740,1.172500,5.000000,7.906000e-05,1.216500,5.000000,0,1.546100,5.000000,0.001481990,0,5.000000,0,1.275075,5.000000,6.126000e-05,0.1722750,5.000000,0.0003000000,1.193225,5.000000,4.999000e-05,1.097025,5.000000,5.000000e-05,0.2017750,5.000000,0.0005147800,0.2350750,5.000000,0.0001000000,0.07612501,5.000000,0.0001936500,0.2783250,5.000000,0.0009701900,0.2258000,5.000000,0.002062460,0.2252250,5.000000,0.0007000000,101520.2,4.070000,66.79000,0,0.1000000,0,19.64000,0.05000000,19.53000,0.01000000,0.1876500,0,1.152113,0
42604.43943744,0.1298000,5.000000,0.001720470,0.3327500,5.000000,0.001387440,1.172525,5.000000,4.999000e-05,1.216575,5.000000,6.124000e-05,1.552875,5.000000,0.0009117400,0,5.000000,0,1.275275,5.000000,4.999000e-05,0.1722000,5.000000,0.0001870800,1.193300,5.000000,6.121000e-05,1.097125,5.000000,7.907000e-05,0.2020250,5.000000,5.000000e-05,0.2350500,5.000000,6.123000e-05,0.07622501,5.000000,0.0002291300,0.2769750,5.000000,0.001001250,0.2266250,5.000000,0.001735660,0.2254250,5.000000,0.001216040,101517.4,3.260000,66.81000,0.01000000,0.1000000,0,19.60000,0,19.54000,0.01000000,0.1874250,0,1.152113,0
42604.43944920,0.1298000,5.000000,0.001720470,0.3327500,5.000000,0.001387440,1.172525,5.000000,4.999000e-05,1.216575,5.000000,6.124000e-05,1.552875,5.000000,0.0009117400,0,5.000000,0,1.275275,5.000000,4.999000e-05,0.1722000,5.000000,0.0001870800,1.193300,5.000000,6.121000e-05,1.097125,5.000000,7.907000e-05,0.2020250,5.000000,5.000000e-05,0.2350500,5.000000,6.123000e-05,0.07622501,5.000000,0.0002291300,0.2769750,5.000000,0.001001250,0.2266250,5.000000,0.001735660,0.2254250,5.000000,0.001216040,101517.4,3.260000,66.81000,0.01000000,0.1000000,0,19.60000,0,19.54000,0.01000000,0.1874250,0,1.152113,0
42604.43947271,0.1340250,5.000000,0.006721430,0.3330000,5.000000,0.001118040,1.172625,5.000000,0,1.216725,5.000000,4.999000e-05,1.556425,5.000000,0.001278670,0,5.000000,0,1.275175,5.000000,6.124000e-05,0.1699750,5.000000,0.001864810,1.193225,5.000000,5.002000e-05,1.097225,5.000000,9.355000e-05,0.2018000,5.000000,0.0005279700,0.2351750,5.000000,6.124000e-05,0.06902501,5.000000,0.005797840,0.2803500,5.000000,0.001766710,0.2282000,5.000000,0.0001695600,0.2259500,5.000000,0.0006154300,101518.0,4.690000,66.81000,0,0.1000000,0,19.62000,0.04000000,19.54000,0,0.1874250,0,1.152150,0
42604.43948446,0.1342000,5.000000,0.007194440,0.3339500,5.000000,0.001625190,1.172725,5.000000,4.999000e-05,1.216825,5.000000,6.122000e-05,1.551650,5.000000,0.001889760,0,5.000000,0,1.275325,5.000000,6.126000e-05,0.1700750,5.000000,0.001983690,1.193275,5.000000,5.000000e-05,1.097300,5.000000,9.999000e-05,0.2018250,5.000000,0.0003500000,0.2351000,5.000000,0.0001224700,0.07142501,5.000000,0.005964270,0.2795750,5.000000,0.0006642700,0.2266500,5.000000,0.001972310,0.2252500,5.000000,0.0006567000,,,,,,,19.62000,,,,,,,
42604.43949622,0.1342000,5.000000,0.007194440,0.3339500,5.000000,0.001625190,1.172725,5.000000,4.999000e-05,1.216825,5.000000,6.122000e-05,1.551650,5.000000,0.001889760,0,5.000000,0,1.275325,5.000000,6.126000e-05,0.1700750,5.000000,0.001983690,1.193275,5.000000,5.000000e-05,1.097300,5.000000,9.999000e-05,0.2018250,5.000000,0.0003500000,0.2351000,5.000000,0.0001224700,0.07142501,5.000000,0.005964270,0.2795750,5.000000,0.0006642700,0.2266500,5.000000,0.001972310,0.2252500,5.000000,0.0006567000,101517.4,3.380000,66.85000,0.02000000,0.1000000,0,19.62000,0.04000000,19.53000,0.01000000,0.1873875,0,1.152075,0
42604.43951973,0.1344250,5.000000,0.006680010,0.3336250,5.000000,0.001341640,1.172600,5.000000,4.999000e-05,1.216625,5.000000,7.905000e-05,1.551475,5.000000,0.003264770,0,5.000000,0,1.275550,5.000000,6.121000e-05,0.1700750,5.000000,0.002044200,1.193375,5.000000,0,1.097250,5.000000,7.907000e-05,0.2018500,5.000000,0.0003000000,0.2351000,5.000000,9.354000e-05,0.07565001,5.000000,0.001593740,0.2775000,5.000000,0.001433960,0.2284500,5.000000,0.0002573900,0.2259750,5.000000,0.0006490400,101517.8,3.870000,66.77000,0.01000000,0.1000000,0,19.68000,0.04000000,19.54000,0,0.1876500,0,1.152038,0
42604.43954324,0.1316000,5.000000,0.005748050,0.3344750,5.000000,0.001517400,1.172350,5.000000,9.353000e-05,1.216125,5.000000,7.905000e-05,1.544000,5.000000,0.002765870,0,5.000000,0,1.275375,5.000000,7.905000e-05,0.1718750,5.000000,0.001487450,1.193025,5.000000,9.356000e-05,1.096925,5.000000,0.0001274800,0.2012250,5.000000,0.0003984300,0.2350000,5.000000,0,0.07552501,5.000000,0.001533780,0.2772250,5.000000,0.001127490,0.2283750,5.000000,0.0003162300,0.2263500,5.000000,0.0007176300,101516.6,4.220000,66.66000,0.05000000,0.1000000,0,19.66000,0.05000000,19.53000,0,0.1872000,0,1.152188,0
42604.43955499,0.1314250,5.000000,0.0008717800,0.3357500,5.000000,0.001048810,1.172175,5.000000,6.122000e-05,1.215825,5.000000,6.121000e-05,1.539750,5.000000,0.001457730,0,5.000000,0,1.274825,5.000000,0.0001274500,0.1721250,5.000000,0.0001936500,1.192200,5.000000,0.0001870800,1.096475,5.000000,9.353000e-05,0.2020000,5.000000,0,0.2350500,5.000000,0.0001274700,0.07627501,5.000000,0.0002423800,0.2796500,5.000000,0.0004568900,0.2276250,5.000000,0.001575200,0.2251250,5.000000,0.001385190,101517.4,1.360000,66.51000,0.01000000,0.1000000,0,19.64000,0.05000000,19.54000,0.01000000,0.1870500,0,1.152075,0
42604.43957851,0.1312500,5.000000,0.001438320,0.3360000,5.000000,0.001264910,1.172300,5.000000,6.122000e-05,1.215900,5.000000,4.999000e-05,1.539900,5.000000,0.0004834800,0,5.000000,0,1.274250,5.000000,0.0001118100,0.1673500,5.000000,0.003069410,1.191525,5.000000,0.0001224800,1.096200,5.000000,6.124000e-05,0.2006000,5.000000,0.0007348500,0.2350750,5.000000,0.0001000000,0.07387500,5.000000,0.001746420,0.2767000,5.000000,0.0003588200,0.2251250,5.000000,0.001481130,0.2251750,5.000000,0.001192690,101518.8,3.540000,66.42000,0.01000000,0.1000000,0,19.64000,0.05000000,19.53000,0.01000000,0.1872750,0,1.153913,0
42604.43960202,0.1289000,5.000000,0.0004703700,0.3338500,5.000000,0.001914420,1.172375,5.000000,0,1.215875,5.000000,7.905000e-05,1.542575,5.000000,0.001523960,0,5.000000,0,1.273875,5.000000,7.905000e-05,0.1604750,5.000000,0.0006041500,1.191350,5.000000,9.354000e-05,1.096075,5.000000,6.122000e-05,0.2010750,5.000000,0.0005454400,0.2350500,5.000000,0.0001000000,0.07437500,5.000000,0.0008366600,0.2762250,5.000000,0.001300000,0.2270750,5.000000,0.001041630,0.2249000,5.000000,0.0002150600,101518.6,3.010000,66.35000,0.01000000,0.01000000,0,19.64000,0.05000000,19.53000,0.01000000,0.1876875,0,1.155075,0
42604.43961377,0.1289000,5.000000,0.0004703700,0.3338500,5.000000,0.001914420,1.172375,5.000000,0,1.215875,5.000000,7.905000e-05,1.542575,5.000000,0.001523960,0,5.000000,0,1.273875,5.000000,7.905000e-05,0.1604750,5.000000,0.0006041500,1.191350,5.000000,9.354000e-05,1.096075,5.000000,6.122000e-05,0.2010750,5.000000,0.0005454400,0.2350500,5.000000,0.0001000000,0.07437500,5.000000,0.0008366600,0.2762250,5.000000,0.001300000,0.2270750,5.000000,0.001041630,0.2249000,5.000000,0.0002150600,101518.6,3.010000,66.35000,0.01000000,0.01000000,0,19.64000,0.05000000,19.53000,0.01000000,0.1876875,0,1.155075,0
42604.43963729,0.1320250,5.000000,0.004648520,0.3346500,5.000000,0.001200000,1.172350,5.000000,4.999000e-05,1.215775,5.000000,9.355000e-05,1.545825,5.000000,0.001210900,0,5.000000,0,1.273550,5.000000,6.124000e-05,0.1381000,5.000000,0.0009027700,1.191250,5.000000,7.906000e-05,1.096025,5.000000,4.999000e-05,0.2007500,5.000000,0.0003873000,0.2351500,5.000000,9.354000e-05,0.07142501,5.000000,0.003836990,0.2755250,5.000000,0.0008817600,0.2252750,5.000000,0.0009695400,0.2252250,5.000000,0.001397320,101517.6,1.500000,66.37000,0,0,0,19.60000,0,19.53000,0.01000000,0.1870875,0,1.155075,0
42604.43966079,0.1290000,5.000000,0,0.3358000,5.000000,0.001136330,1.172250,5.000000,0,1.215825,5.000000,6.126000e-05,1.541375,5.000000,0.001860790,0,5.000000,0,1.273500,5.000000,0,0.1326500,5.000000,0.003829490,1.191325,5.000000,0.0001000200,1.096025,5.000000,4.999000e-05,0.2010500,5.000000,6.123000e-05,0.2351500,5.000000,9.354000e-05,0.06710000,5.000000,0.004012790,0.2791750,5.000000,0.001149990,0.2262000,5.000000,0.001166190,0.2247750,5.000000,0.0004213100,101517.8,4.530000,66.39000,0.01000000,0.01000000,0,19.60000,0,19.53000,0.01000000,0.1874250,0,1.155113,0
42604.43968432,0.1337000,5.000000,0.006287690,0.3351750,5.000000,0.0008314200,1.172275,5.000000,4.999000e-05,1.215900,5.000000,9.355000e-05,1.547650,5.000000,0.002700010,0,5.000000,0,1.273725,5.000000,4.999000e-05,0.1299250,5.000000,0.001091440,1.191550,5.000000,6.122000e-05,1.096125,5.000000,0,0.2014250,5.000000,6.124000e-05,0.2351500,5.000000,0.0001224700,0.07265001,5.000000,0.004334740,0.2771500,5.000000,0.0009663100,0.2253500,5.000000,0.001316720,0.2252000,5.000000,0.0009103600,101518.0,2.100000,66.34000,0.01000000,0.01000000,0,19.60000,0,19.53000,0.01000000,0.1870875,0,1.155038,0
42604.43970781,0.1314000,5.000000,0.004831150,0.3344000,5.000000,0.002506740,1.172375,5.000000,0,1.216075,5.000000,6.121000e-05,1.553550,5.000000,0.001798620,0,5.000000,0,1.273775,5.000000,4.999000e-05,0.1308000,5.000000,0.0008085500,1.191800,5.000000,6.122000e-05,1.096275,5.000000,4.999000e-05,0.2014750,5.000000,5.000000e-05,0.2350500,5.000000,6.124000e-05,0.07240000,5.000000,0.004209660,0.2780000,5.000000,0.001279650,0.2245750,5.000000,0.0005220200,0.2257500,5.000000,0.0008366600,101513.2,1.330000,66.37000,0.01000000,0,0,19.60000,0,19.53000,0.01000000,0.1874250,0,1.155000,0
42604.43973133,0.1312750,5.000000,0.005004000,0.3345750,5.000000,0.0006873800,1.172475,5.000000,4.999000e-05,1.216350,5.000000,9.355000e-05,1.549375,5.000000,0.0005755600,0,5.000000,0,1.273800,5.000000,6.121000e-05,0.1295250,5.000000,0.0009500000,1.191875,5.000000,7.907000e-05,1.096450,5.000000,6.126000e-05,0.2013500,5.000000,5.000000e-05,0.2351250,5.000000,0.0001118000,0.07330000,5.000000,0.0006919200,0.2759000,5.000000,0.001827570,0.2255250,5.000000,0.0008039000,0.2264250,5.000000,0.0008314100,101515.6,4.840000,66.43000,0.01000000,0.01000000,0,19.60000,0,19.53000,0.01000000,0.1874250,0,1.155075,0
42604.43975484,0.1286750,5.000000,0.0004582600,0.3344750,5.000000,0.0007681200,1.172600,5.000000,5.002000e-05,1.216600,5.000000,4.999000e-05,1.545725,5.000000,0.001660940,0,5.000000,0,1.273775,5.000000,4.999000e-05,0.1295500,5.000000,0.001017350,1.191975,5.000000,5.000000e-05,1.096700,5.000000,6.126000e-05,0.2009750,5.000000,0.0004962300,0.2351250,5.000000,0.0001118000,0.07482501,5.000000,0.0004153300,0.2752250,5.000000,0.001181630,0.2246250,5.000000,0.0005123500,0.2258750,5.000000,0.0006020800,101516.8,1.940000,66.47000,0.01000000,0.01000000,0,19.66000,0.05000000,19.53000,0.01000000,0.1875000,0,1.155188,0
42604.43977837,0.1315500,5.000000,0.004412770,0.3349500,5.000000,0.0009000000,1.172800,5.000000,6.122000e-05,1.216775,5.000000,5.000000e-05,1.547550,5.000000,0.0007648600,0,5.000000,0,1.273850,5.000000,4.999000e-05,0.1297250,5.000000,0.001050000,1.192000,5.000000,0,1.096850,5.000000,5.002000e-05,0.2012500,5.000000,7.906000e-05,0.2352000,5.000000,6.124000e-05,0.07400000,5.000000,0.001095450,0.2764750,5.000000,0.0008638500,0.2248500,5.000000,0.001260960,0.2256750,5.000000,0.0004444100,101517.4,4.030000,66.48000,0.03000000,0,0,19.60000,0,19.53000,0,0.1874625,0,1.155188,0
42604.43980187,0.1287000,5.000000,0.0005841700,0.3355000,5.000000,0.0008366600,1.172825,5.000000,6.126000e-05,1.216675,5.000000,6.124000e-05,1.537800,5.000000,0.003349070,0,5.000000,0,1.274000,5.000000,0,0.1292250,5.000000,0.0007262900,1.192050,5.000000,6.124000e-05,1.096925,5.000000,6.122000e-05,0.2014250,5.000000,0.0001000000,0.2351000,5.000000,0.0001224700,0.07375001,5.000000,0.0004808800,0.2786250,5.000000,0.0005244000,0.2242750,5.000000,0.0003905100,0.2252000,5.000000,0.0005338500,101516.8,2.140000,66.31000,0.1000000,0,0,19.60000,0,19.54000,0,0.1873500,0,1.155038,0
42604.43982537,0.1309750,5.000000,0.005031400,0.3343000,5.000000,0.0009407500,1.172875,5.000000,0,1.216625,5.000000,0,1.537950,5.000000,0.001720450,0,5.000000,0,1.273950,5.000000,6.121000e-05,0.1340750,5.000000,0.004047840,1.191975,5.000000,9.353000e-05,1.096850,5.000000,4.999000e-05,0.2014500,5.000000,6.124000e-05,0.2351500,5.000000,0.0001224700,0.07432501,5.000000,0.0008500000,0.2775250,5.000000,0.001655290,0.2250500,5.000000,0.001333700,0.2263000,5.000000,0.0005733700,101518.4,0.8000000,66.03000,0.02000000,0,0,19.60000,0,19.53000,0.01000000,0.1873500,0,1.155038,0
42604.43984889,0.1336000,5.000000,0.006204540,0.3359500,5.000000,0.0004847700,1.173075,5.000000,0.0001274900,1.216700,5.000000,6.126000e-05,1.536700,5.000000,0.001651870,0,5.000000,0,1.273800,5.000000,0.0001000200,0.1381000,5.000000,0.001055940,1.191625,5.000000,7.905000e-05,1.096700,5.000000,6.122000e-05,0.2009500,5.000000,0.0001695600,0.2351250,5.000000,0.0001118000,0.07042500,5.000000,0.005076660,0.2783750,5.000000,0.0006422600,0.2250500,5.000000,0.0009893200,0.2255000,5.000000,0.0009253400,101513.4,2.330000,66.02000,0.01000000,0.01000000,0,19.60000,0,19.53000,0,0.1874250,0,1.155188,0
42604.43987240,0.1329750,5.000000,0.005994480,0.3335000,5.000000,0.0006937200,1.173375,5.000000,7.905000e-05,1.216850,5.000000,4.999000e-05,1.533450,5.000000,0.002864210,0,5.000000,0,1.273250,5.000000,0.0001118100,0.1307000,5.000000,0.002689800,1.191100,5.000000,9.353000e-05,1.096650,5.000000,5.002000e-05,0.2004000,5.000000,0.0001837100,0.2350750,5.000000,0.0001000000,0.07425001,5.000000,0.0008062300,0.2765250,5.000000,0.001052980,0.2260750,5.000000,0.0006782300,0.2256250,5.000000,0.001156500,101512.8,1.160000,65.89000,0.03000000,0,0,19.60000,0,19.52000,0.01000000,0.1872000,0,1.155075,0
42604.43989590,0.1401000,5.000000,0.0001224800,0.3344250,5.000000,0.0006204900,1.173525,5.000000,4.999000e-05,1.216850,5.000000,9.353000e-05,1.532000,5.000000,0.002542150,0,5.000000,0,1.273050,5.000000,6.126000e-05,0.1015000,5.000000,0.004244110,1.190825,5.000000,9.998000e-05,1.096575,5.000000,9.998000e-05,0.2000250,5.000000,5.000000e-05,0.2351500,5.000000,0.0001224700,0.06655001,5.000000,0.002885960,0.2769000,5.000000,0.001662830,0.2257750,5.000000,0.0007762100,0.2255000,5.000000,0.0007373900,101513.8,1.470000,65.85000,0.01000000,0,0,19.60000,0,19.53000,0.01000000,0.1872000,0,1.155000,0
42604.43991941,0.1304000,5.000000,0.004800000,0.3347000,5.000000,0.0008389000,1.173250,5.000000,7.905000e-05,1.216425,5.000000,6.126000e-05,1.540950,5.000000,0.001100010,0,5.000000,0,1.272725,5.000000,9.353000e-05,0.1057750,5.000000,0.001184270,1.190550,5.000000,6.126000e-05,1.096350,5.000000,9.353000e-05,0.2000500,5.000000,6.124000e-05,0.2350500,5.000000,0.0001000000,0.06590001,5.000000,0.0009823400,0.2785000,5.000000,0.0008909300,0.2259500,5.000000,0.0007810300,0.2254250,5.000000,0.0008046800,101514.2,2.130000,65.89000,0.01000000,0,0,19.60000,0,19.53000,0.01000000,0.1497750,0.07000000,1.155150,0
42604.43994293,0.1291000,5.000000,0.0004636800,0.3343000,5.000000,0.0008753500,1.173000,5.000000,0,1.216225,5.000000,4.999000e-05,1.542225,5.000000,0.002107140,0,5.000000,0,1.272450,5.000000,6.122000e-05,0.1052500,5.000000,0.0008767800,1.190375,5.000000,0,1.096175,5.000000,6.121000e-05,0.2015500,5.000000,0.0001000000,0.2351000,5.000000,9.354000e-05,0.06572500,5.000000,0.001001250,0.2793250,5.000000,0.001570430,0.2255000,5.000000,0.001048810,0.2252500,5.000000,0.0003791400,101513.4,3.720000,65.84000,0.02000000,0,0,19.60000,0,19.53000,0,0.1873875,0,1.155150,0
42604.43996644,0.1286250,5.000000,0.0005244100,0.3328750,5.000000,0.001420830,1.172875,5.000000,7.905000e-05,1.216150,5.000000,4.999000e-05,1.542000,5.000000,0.0004257400,0,5.000000,0,1.272425,5.000000,6.126000e-05,0.1051000,5.000000,0.001133030,1.190400,5.000000,4.999000e-05,1.096125,5.000000,0,0.2015000,5.000000,0.0001369300,0.2350750,5.000000,0.0001000000,0.07030001,5.000000,0.004892980,0.2767500,5.000000,0.001106800,0.2262750,5.000000,0.0002423800,0.2253250,5.000000,0.0003409500,101516.6,2.250000,65.78000,0.01000000,0,0,19.60000,0,19.53000,0.01000000,0.1873500,0,1.155113,0
42604.43997819,0.1286250,5.000000,0.0005244100,0.3328750,5.000000,0.001420830,1.172875,5.000000,7.905000e-05,1.216150,5.000000,4.999000e-05,1.542000,5.000000,0.0004257400,0,5.000000,0,1.272425,5.000000,6.126000e-05,0.1051000,5.000000,0.001133030,1.190400,5.000000,4.999000e-05,1.096125,5.000000,0,0.2015000,5.000000,0.0001369300,0.2350750,5.000000,0.0001000000,0.07030001,5.000000,0.004892980,0.2767500,5.000000,0.001106800,0.2262750,5.000000,0.0002423800,0.2253250,5.000000,0.0003409500,101516.6,2.250000,65.78000,0.01000000,0,0,19.60000,0,19.53000,0.01000000,0.1873500,0,1.155113,0
42604.43998995,0.1347500,5.000000,0.004761830,0.3320750,5.000000,,,,,,,,,,,,,,,,,,,,,,,,,,0.2014500,5.000000,0.0001000000,0.2350250,5.000000,5.000000e-05,0.06652501,5.000000,0.003827860,0.2793500,5.000000,0.0009630700,0.2257000,5.000000,0.0008536700,0.2252750,5.000000,0.0004568900,,,,,,,,,,,,,,
42604.44000170,,,,,,0.001155420,1.172775,5.000000,4.999000e-05,1.216200,5.000000,6.126000e-05,1.542050,5.000000,0.002564890,0,5.000000,0,1.272400,5.000000,5.000000e-05,0.1046250,5.000000,0.001018580,1.190450,5.000000,6.124000e-05,1.096125,5.000000,7.905000e-05,,,,,,,,,,,,,,,,,,,101516.6,2.870000,65.69000,0.01000000,0,0,19.60000,0,19.52000,0,0.1871250,0,1.155150,0
42604.44001346,0.1347000,5.000000,0.005473570,0.3323750,5.000000,0.001188490,1.172825,5.000000,6.126000e-05,1.216325,5.000000,6.126000e-05,1.547500,5.000000,0.001219630,0,5.000000,0,1.272375,5.000000,0,0.1045750,5.000000,0.0007228400,1.190500,5.000000,0,1.096275,5.000000,4.999000e-05,0.2015500,5.000000,6.124000e-05,0.2351000,5.000000,5.000000e-05,0.06450000,5.000000,0.0007582900,0.2800750,5.000000,0.001133580,0.2260500,5.000000,0.0001000000,0.2245500,5.000000,0.0004650300,101517.6,2.330000,65.71000,0.01000000,0,0,19.60000,0,19.53000,0.01000000,0.1868250,0,1.155075,0
42604.44003697,0.1292250,5.000000,0.0005024900,0.3332750,5.000000,0.001189530,1.172925,5.000000,6.122000e-05,1.216600,5.000000,4.999000e-05,1.545750,5.000000,0.001060660,0,5.000000,0,1.272400,5.000000,4.999000e-05,0.1040750,5.000000,0.004038560,1.190600,5.000000,4.999000e-05,1.096450,5.000000,0.0001274800,0.2014500,5.000000,0.0001695600,0.2350500,5.000000,0.0001000000,0.07122501,5.000000,0.003515500,0.2770750,5.000000,0.001993110,0.2252250,5.000000,0.001001250,0.2249500,5.000000,0.0005396800,101519.0,1.410000,65.69000,0.06000000,0,0,19.60000,0,19.52000,0.01000000,0.1499250,0.07000000,1.155075,0
42604.44006048,0.1328250,5.000000,0.005566420,0.3328250,5.000000,0.001463300,1.173125,5.000000,0,1.216825,5.000000,0.0001000200,1.543600,5.000000,0.0007348400,0,5.000000,0,1.272675,5.000000,9.999000e-05,0.1042250,5.000000,0.003992490,1.190850,5.000000,9.356000e-05,1.096675,5.000000,9.999000e-05,0.2009250,5.000000,0.0007566400,0.2350500,5.000000,0.0001000000,0.07287501,5.000000,0.0009185600,0.2786500,5.000000,0.0005667900,0.2249250,5.000000,0.0009924700,0.2249750,5.000000,0.0003570700,101516.8,3.310000,65.36000,0.06000000,0.01000000,0,19.60000,0,19.51000,0.01000000,0.1876500,0,1.155225,0
42604.44008399,0.1305750,5.000000,0.004903830,0.3346250,5.000000,0.001318140,1.173300,5.000000,6.124000e-05,1.217075,5.000000,6.126000e-05,1.544075,5.000000,0.001546370,0,5.000000,0,1.272975,5.000000,9.356000e-05,0.1030000,5.000000,0.004573700,1.191200,5.000000,6.126000e-05,1.096925,5.000000,6.124000e-05,0.2003500,5.000000,0.0002150600,0.2350250,5.000000,5.000000e-05,0.07107501,5.000000,0.003613860,0.2770000,5.000000,0.001774820,0.2248500,5.000000,0.0008993000,0.2256750,5.000000,0.0008573200,101518.4,3.610000,65.18000,0.03000000,0.01000000,0,19.60000,0,19.51000,0.01000000,0.1874250,0,1.155075,0
42604.44010750,0.1290750,5.000000,0.001727710,0.3343000,5.000000,0.0008276400,1.173450,5.000000,6.124000e-05,1.217225,5.000000,4.999000e-05,1.552275,5.000000,0.003412670,0,5.000000,0,1.273225,5.000000,4.999000e-05,0.09897500,5.000000,0.004194040,1.191400,5.000000,5.002000e-05,1.097050,5.000000,6.122000e-05,0.2005000,5.000000,0.0002091700,0.2351750,5.000000,0.0001000000,0.07352500,5.000000,0.001358770,0.2767250,5.000000,0.001270830,0.2256500,5.000000,0.001154880,0.2256000,5.000000,0.0003984300,101519.8,3.060000,65.18000,0.01000000,0.01000000,0,19.60000,0,19.51000,0.01000000,0.1872000,0,1.155113,0
42604.44011926,0.1290750,5.000000,0.001727710,0.3343000,5.000000,0.0008276400,1.173450,5.000000,6.124000e-05,1.217225,5.000000,4.999000e-05,1.552275,5.000000,0.003412670,0,5.000000,0,1.273225,5.000000,4.999000e-05,0.09897500,5.000000,0.004194040,1.191400,5.000000,5.002000e-05,1.097050,5.000000,6.122000e-05,0.2005000,5.000000,0.0002091700,0.2351750,5.000000,0.0001000000,0.07352500,5.000000,0.001358770,0.2767250,5.000000,0.001270830,0.2256500,5.000000,0.001154880,0.2256000,5.000000,0.0003984300,101519.8,3.060000,65.18000,0.01000000,0.01000000,0,19.60000,0,19.51000,0.01000000,0.1872000,0,1.155113,0
42604.44014278,0.1311500,5.000000,0.004800650,0.3350750,5.000000,0.0005999900,1.173700,5.000000,6.124000e-05,1.217400,5.000000,4.999000e-05,1.537025,5.000000,0.001278190,0,5.000000,0,1.273375,5.000000,0,0.1030750,5.000000,0.005323060,1.191350,5.000000,9.353000e-05,1.097150,5.000000,5.000000e-05,0.2004750,5.000000,5.000000e-05,0.2351250,5.000000,0.0001118000,0.07205000,5.000000,0.003667940,0.2785250,5.000000,0.001593740,0.2252500,5.000000,0.001196350,0.2251000,5.000000,0.001426100,101518.2,2.230000,65.26000,0.03000000,0.01000000,0,19.60000,0,19.50000,0,0.1874625,0,1.155225,0
42604.44015452,0.1283000,5.000000,0.0003221000,0.3348250,5.000000,0.001077030,1.173775,5.000000,4.999000e-05,1.217300,5.000000,6.124000e-05,1.535825,5.000000,0.001329010,0,5.000000,0,1.273350,5.000000,4.999000e-05,0.1077000,5.000000,0.0006000000,1.190975,5.000000,0.0001457600,1.097050,5.000000,6.126000e-05,0.2005250,5.000000,9.354000e-05,0.2351000,5.000000,0.0001224700,0.07410001,5.000000,0.001070630,0.2759000,5.000000,0.0009663000,0.2250750,5.000000,0.0009861500,0.2258500,5.000000,0.0009532900,101520.2,3.540000,65.38000,0.03000000,0,0,19.60000,0,19.50000,0.01000000,0.1872750,0,1.155188,0
42604.44016630,0.1283000,5.000000,0.0003221000,0.3348250,5.000000,0.001077030,1.173775,5.000000,4.999000e-05,1.217300,5.000000,6.124000e-05,1.535825,5.000000,0.001329010,0,5.000000,0,1.273350,5.000000,4.999000e-05,0.1077000,5.000000,0.0006000000,1.190975,5.000000,0.0001457600,1.097050,5.000000,6.126000e-05,0.2005250,5.000000,9.354000e-05,0.2351000,5.000000,0.0001224700,0.07410001,5.000000,0.001070630,0.2759000,5.000000,0.0009663000,0.2250750,5.000000,0.0009861500,0.2258500,5.000000,0.0009532900,101520.2,3.540000,65.38000,0.03000000,0,0,19.60000,0,19.50000,0.01000000,0.1872750,0,1.155188,0
42604.44018979,0.1305750,5.000000,0.005025310,0.3333250,5.000000,0.001082830,1.173625,5.000000,0,1.217000,5.000000,0.0001118100,1.548775,5.000000,0.003071440,0,5.000000,0,1.273150,5.000000,4.999000e-05,0.1071250,5.000000,0.001457740,1.190575,5.000000,0.0001274500,1.096750,5.000000,7.905000e-05,0.2003000,5.000000,0.0001695600,0.2351500,5.000000,9.354000e-05,0.07400000,5.000000,0.0009117300,0.2770750,5.000000,0.001670710,0.2251250,5.000000,0.001112430,0.2257500,5.000000,0.0008551300,101519.6,1.020000,65.50000,0.02000000,0,0,19.60000,0,19.51000,0,0.1874625,0,1.155075,0
42604.44021331,0.1281000,5.000000,0.0001224700,0.3334500,5.000000,0.001008090,1.173525,5.000000,5.000000e-05,1.216825,5.000000,6.122000e-05,1.545975,5.000000,0.0008993100,0,5.000000,0,1.272825,5.000000,6.124000e-05,0.1054500,5.000000,0.0008389000,1.190350,5.000000,4.999000e-05,1.096500,5.000000,0,0.2000250,5.000000,5.000000e-05,0.2351250,5.000000,0.0001118000,0.06995000,5.000000,0.004716060,0.2780000,5.000000,0.0005863000,0.2250000,5.000000,0.0008803400,0.2253000,5.000000,0.0004301200,101518.6,3.200000,65.62000,0.02000000,0,0,19.60000,0,19.51000,0.01000000,0.1872750,0,1.155150,0
42604.44023681,0.1289000,5.000000,0.001552010,0.3345000,5.000000,0.001083970,1.173350,5.000000,5.000000e-05,1.216675,5.000000,6.124000e-05,1.545675,5.000000,0.001050610,0,5.000000,0,1.272825,5.000000,6.126000e-05,0.1039750,5.000000,0.003809860,1.190375,5.000000,0,1.096375,5.000000,0,0.2002500,5.000000,0.0001369300,0.2350750,5.000000,0.0001000000,0.07067501,5.000000,0.004544640,0.2786250,5.000000,0.001457740,0.2249250,5.000000,0.0004077400,0.2264750,5.000000,0.0003984300,101524.2,3.060000,65.68000,0.01000000,0,0,19.60000,0,19.51000,0.01000000,0.1872000,0,1.155000,0
42604.44026033,0.1304750,5.000000,0.001920940,0.3349750,5.000000,0.0007262900,1.173350,5.000000,4.999000e-05,1.216675,5.000000,6.124000e-05,1.545075,5.000000,0.001097150,0,5.000000,0,1.272925,5.000000,6.124000e-05,0.1052000,5.000000,0.003355590,1.190550,5.000000,6.122000e-05,1.096450,5.000000,6.124000e-05,0.2002250,5.000000,0.0001224700,0.2351750,5.000000,0.0001000000,0.07337501,5.000000,0.0008403900,0.2768250,5.000000,0.0005947600,0.2246750,5.000000,0.0005037400,0.2254500,5.000000,0.0007185100,101521.0,3.690000,65.67000,0.01000000,0.01000000,0,19.60000,0,19.51000,0.01000000,0.1872750,0,1.155075,0
42604.44028385,0.1291500,5.000000,0.001428280,0.3345000,5.000000,0.001033800,1.173425,5.000000,6.122000e-05,1.216750,5.000000,0,1.546300,5.000000,0.001437440,0,5.000000,0,1.273025,5.000000,4.999000e-05,0.09930001,5.000000,0.004249710,1.190750,5.000000,7.905000e-05,1.096650,5.000000,5.000000e-05,0.2000750,5.000000,0.0001500000,0.2351250,5.000000,7.906000e-05,0.07430001,5.000000,0.0009506600,0.2768000,5.000000,0.001536230,0.2251250,5.000000,0.001308630,0.2255000,5.000000,0.0009746800,101521.8,1.940000,65.63000,0.01000000,0.01000000,0,19.60000,0,19.50000,0.01000000,0.1872375,0,1.155113,0
42604.44030736,0.1314500,5.000000,0.004729960,0.3338500,5.000000,0.0009949900,1.173475,5.000000,4.999000e-05,1.216925,5.000000,6.122000e-05,1.545825,5.000000,0.0005037400,0,5.000000,0,1.273125,5.000000,0,0.1009000,5.000000,0.004337630,1.191025,5.000000,4.999000e-05,1.096850,5.000000,9.356000e-05,0.2002250,5.000000,0.0001837100,0.2351000,5.000000,0.0001224700,0.06967501,5.000000,0.003828020,0.2797750,5.000000,0.001263430,0.2255250,5.000000,0.001302400,0.2258500,5.000000,0.0007305800,101519.2,3.710000,65.67000,0.01000000,0.01000000,0,19.60000,0,19.51000,0.01000000,0.1870125,0,1.155000,0
42604.44033087,0.1283000,5.000000,0.0001870800,0.3344000,5.000000,0.001575990,1.173650,5.000000,4.999000e-05,1.217050,5.000000,9.999000e-05,1.540675,5.000000,0.001836440,0,5.000000,0,1.273250,5.000000,7.905000e-05,0.1023000,5.000000,0.004419840,1.191250,5.000000,0.0001118000,1.097075,5.000000,6.124000e-05,0.2002000,5.000000,0.0002449500,0.2350750,5.000000,0.0001000000,0.07407500,5.000000,0.001285980,0.2756750,5.000000,0.001507480,0.2268500,5.000000,0.0004286600,0.2251000,5.000000,0.001070630,101521.0,3.850000,65.90000,0.1100000,0.01000000,0,19.60000,0,19.51000,0,0.1873125,0,1.155150,0
42604.44035436,0.1287500,5.000000,7.906000e-05,0.3342750,5.000000,0.001280630,1.173825,5.000000,6.124000e-05,1.217225,5.000000,4.999000e-05,1.545425,5.000000,0.002309740,0,5.000000,0,1.273550,5.000000,6.122000e-05,0.1011000,5.000000,0.005329990,1.191525,5.000000,9.353000e-05,1.097300,5.000000,6.122000e-05,0.2004250,5.000000,6.124000e-05,0.2351000,5.000000,9.354000e-05,0.07417501,5.000000,0.001074130,0.2782000,5.000000,0.001166190,0.2255000,5.000000,0.001264910,0.2251000,5.000000,0.0008344200,101521.8,1.720000,66.25000,0.07000000,0.01000000,0,19.60000,0,19.51000,0.01000000,0.1871625,0,1.155150,0
42604.44037788,0.1325000,5.000000,0.004736160,0.3337500,5.000000,0.001864140,1.173675,5.000000,6.126000e-05,1.216950,5.000000,9.999000e-05,1.541025,5.000000,0.001736370,0,5.000000,0,1.273750,5.000000,0,0.09837501,5.000000,0.004626010,1.191650,5.000000,4.999000e-05,1.097250,5.000000,7.907000e-05,0.2010250,5.000000,5.000000e-05,0.2351250,5.000000,7.906000e-05,0.07195001,5.000000,0.004148490,0.2769000,5.000000,0.001893080,0.2250500,5.000000,0.001176860,0.2260000,5.000000,0.0005534000,101520.6,3.320000,66.53000,0.04000000,0.01000000,0,19.60000,0,19.51000,0.01000000,0.1871250,0,1.155000,0
42604.44040139,0.1309000,5.000000,0.004865310,0.3336000,5.000000,0.001019800,1.173275,5.000000,0.0001457800,1.216400,5.000000,0.0001224900,1.541125,5.000000,0.001571210,0,5.000000,0,1.273575,5.000000,9.999000e-05,0.09922500,5.000000,0.003160700,1.191425,5.000000,0.0001274900,1.096975,5.000000,0.0001224500,0.2006250,5.000000,0.0001936500,0.2351250,5.000000,0.0001118000,0.07377501,5.000000,0.001230850,0.2760000,5.000000,0.001027740,0.2254250,5.000000,0.0006500000,0.2260750,5.000000,0.0008238600,101522.2,2.990000,66.73000,0.03000000,0.01000000,0,19.60000,0,19.52000,0.01000000,0.1873125,0,1.155300,0
42604.44042490,0.1289250,5.000000,0.001665080,0.3359750,5.000000,0.0007176400,1.172825,5.000000,9.999000e-05,1.215850,5.000000,0.0001457700,1.535750,5.000000,0.001169930,0,5.000000,0,1.273150,5.000000,4.999000e-05,0.1166500,5.000000,0.01177216,1.191000,5.000000,7.905000e-05,1.096550,5.000000,0.0001274900,0.2001250,5.000000,0.0001118000,0.2351250,5.000000,7.906000e-05,0.07315001,5.000000,0.001233390,0.2789000,5.000000,0.0007640400,0.2253750,5.000000,0.0003354100,0.2258750,5.000000,0.0005184100,101518.8,1.470000,66.98000,0.03000000,0.01000000,0,19.60000,0,19.51000,0,0.1870875,0,1.155113,0
42604.44044841,0.1280000,5.000000,0,0.3350000,5.000000,0.001416420,1.172525,5.000000,4.999000e-05,1.215500,5.000000,7.907000e-05,1.538775,5.000000,0.0008154800,0,5.000000,0,1.272875,5.000000,7.905000e-05,0.1323750,5.000000,0.004094200,1.190775,5.000000,4.999000e-05,1.096275,5.000000,9.355000e-05,0.2003250,5.000000,0.0006500000,0.2351500,5.000000,9.354000e-05,0.07347500,5.000000,0.0005385200,0.2812500,5.000000,0.001232380,0.2257250,5.000000,0.0007390900,0.2261000,5.000000,0.0006586000,101519.8,2.560000,67.15000,0.04000000,0.01000000,0,19.60000,0,19.52000,0.01000000,0.1872750,0,1.155150,0
42604.44047193,0.1311250,5.000000,0.004216040,0.3354000,5.000000,0.001662830,1.172600,5.000000,4.999000e-05,1.215525,5.000000,4.999000e-05,1.545675,5.000000,0.001649980,0,5.000000,0,1.272725,5.000000,5.000000e-05,0.1290750,5.000000,0.001168870,1.190800,5.000000,6.121000e-05,1.096275,5.000000,4.999000e-05,0.2013000,5.000000,0.0006547900,0.2350750,5.000000,0.0001000000,0.07220000,5.000000,0.002924680,0.2798000,5.000000,0.001231360,0.2254250,5.000000,0.001014270,0.2258750,5.000000,0.0009874200,101519.0,3.410000,67.30000,0.02000000,0.01000000,0,19.60000,0,19.53000,0,0.1869750,0,1.155075,0
42604.44049543,0.1327500,5.000000,0.004432130,0.3326500,5.000000,0.001146730,1.172750,5.000000,0,1.215775,5.000000,9.353000e-05,1.546950,5.000000,0.001967890,0,5.000000,0,1.272625,5.000000,0,0.1296500,5.000000,0.0009565600,1.190725,5.000000,4.999000e-05,1.096275,5.000000,4.999000e-05,0.2015250,5.000000,5.000000e-05,0.2350750,5.000000,0.0001000000,0.06472501,5.000000,0.0009759600,0.2753000,5.000000,0.0007008900,0.2245000,5.000000,0.0007746000,0.2259250,5.000000,0.0008046700,101520.0,2.760000,67.34000,0.03000000,0.01000000,0,19.60000,0,19.51000,0,0.1872000,0,1.155075,0
42604.44051894,0.1291500,5.000000,0.001035010,0.3337000,5.000000,0.001554430,1.172950,5.000000,6.124000e-05,1.216000,5.000000,7.907000e-05,1.550375,5.000000,0.0007664800,0,5.000000,0,1.272775,5.000000,9.353000e-05,0.1344500,5.000000,0.003493390,1.190975,5.000000,0.0001224800,1.096450,5.000000,6.126000e-05,0.2012750,5.000000,0.0006442000,0.2350500,5.000000,6.124000e-05,0.07220000,5.000000,0.002907530,0.2766750,5.000000,0.001584290,0.2245250,5.000000,0.0002150600,0.2260250,5.000000,0.0004899000,101518.6,4.030000,67.21000,0.03000000,0.01000000,0,19.60000,0,19.52000,0.01000000,0.1872000,0,1.155038,0
42604.44054246,0.1290000,5.000000,0.001508310,0.3340750,5.000000,0.0005338500,1.173075,5.000000,6.124000e-05,1.216300,5.000000,6.122000e-05,1.545400,5.000000,0.0004636900,0,5.000000,0,1.273125,5.000000,0.0001118100,0.1378750,5.000000,0.001000000,1.191400,5.000000,0.0001457700,1.096675,5.000000,6.124000e-05,0.2002750,5.000000,0.0002549500,0.2349750,5.000000,0.0001224700,0.07412501,5.000000,0.001101140,0.2785750,5.000000,0.0008609600,0.2250500,5.000000,0.0005567800,0.2261000,5.000000,0.001488290,101519.8,3.130000,67.14000,0.01000000,0,0,19.60000,0,19.53000,0,0.1872750,0,1.155075,0
42604.44056597,0.1307000,5.000000,0.004656720,0.3334250,5.000000,0.0009669500,1.173275,5.000000,4.999000e-05,1.216650,5.000000,9.353000e-05,1.548125,5.000000,0.0005645800,0,5.000000,0,1.273575,5.000000,0.0001274900,0.1381500,5.000000,0.001004360,1.191850,5.000000,9.356000e-05,1.096975,5.000000,9.355000e-05,0.2007250,5.000000,0.0002291300,0.2351500,5.000000,9.354000e-05,0.07377501,5.000000,0.0008231000,0.2785250,5.000000,0.0005989600,0.2250000,5.000000,0.0007582900,0.2255500,5.000000,0.0004847700,101521.4,3.140000,67.17000,0.02000000,0,0,19.62000,0.04000000,19.53000,0,0.1870125,0,1.155150,0
42604.44058948,0.1297000,5.000000,0.001696690,0.3344750,5.000000,0.0004899000,1.173550,5.000000,6.122000e-05,1.217075,5.000000,0.0001274900,1.548925,5.000000,0.001521940,0,5.000000,0,1.273975,5.000000,4.999000e-05,0.1515000,5.000000,0.01103744,1.192200,5.000000,6.124000e-05,1.097250,5.000000,0.0001118100,0.2011500,5.000000,9.354000e-05,0.2350750,5.000000,0.0001000000,0.06992501,5.000000,0.002871850,0.2740250,5.000000,0.001171010,0.2251250,5.000000,0.0006225000,0.2254500,5.000000,0.001179510,101520.8,2.560000,67.28000,0.02000000,0.01000000,0,19.62000,0.04000000,19.53000,0,0.1869750,0,1.155150,0
42604.44061299,0.1283000,5.000000,0.0004373200,0.3324000,5.000000,0.0008565900,1.173775,5.000000,4.999000e-05,1.217400,5.000000,9.353000e-05,1.547025,5.000000,0.0007391000,0,5.000000,0,1.274150,5.000000,4.999000e-05,0.1612500,5.000000,0.001440490,1.192500,5.000000,7.907000e-05,1.097525,5.000000,9.353000e-05,0.2011250,5.000000,0.0001118000,0.2350500,5.000000,0.0001000000,0.07307500,5.000000,0.001041630,0.2773000,5.000000,0.0009637200,0.2257000,5.000000,0.0004301200,0.2256250,5.000000,0.0008696300,101518.8,4.660000,67.36000,0.01000000,0.01000000,0,19.60000,0,19.53000,0.01000000,0.1870875,0,1.155150,0
42604.44062475,0.1283000,5.000000,0.0004373200,0.3324000,5.000000,0.0008565900,1.173775,5.000000,4.999000e-05,1.217400,5.000000,9.353000e-05,1.547025,5.000000,0.0007391000,0,5.000000,0,1.274150,5.000000,4.999000e-05,0.1612500,5.000000,0.001440490,1.192500,5.000000,7.907000e-05,1.097525,5.000000,9.353000e-05,0.2011250,5.000000,0.0001118000,0.2350500,5.000000,0.0001000000,0.07307500,5.000000,0.001041630,0.2773000,5.000000,0.0009637200,0.2257000,5.000000,0.0004301200,0.2256250,5.000000,0.0008696300,101518.8,4.660000,67.36000,0.01000000,0.01000000,0,19.60000,0,19.53000,0.01000000,0.1870875,0,1.155150,0
42604.44064827,0.1291250,5.000000,0.0004183300,0.3331750,5.000000,0.001133580,1.174050,5.000000,6.122000e-05,1.217700,5.000000,6.126000e-05,1.548525,5.000000,0.002552440,0,5.000000,0,1.274400,5.000000,4.999000e-05,0.1640250,5.000000,5.000000e-05,1.192825,5.000000,0.0001000200,1.097775,5.000000,5.000000e-05,0.2014000,5.000000,0.0001224800,0.2350500,5.000000,6.124000e-05,0.07407500,5.000000,0.001629030,0.2776000,5.000000,0.0006245000,0.2256000,5.000000,0.0007219800,0.2253000,5.000000,0.0008824700,101519.4,2.150000,67.47000,0.06000000,0.03000000,0.03000000,19.60000,0,19.53000,0.01000000,0.1498125,0.07000000,1.155150,0
42604.44067177,0.1295000,5.000000,0.001809700,0.3346750,5.000000,0.001011180,1.174175,5.000000,6.122000e-05,1.217800,5.000000,6.126000e-05,1.549875,5.000000,0.002166520,0,5.000000,0,1.274425,5.000000,6.126000e-05,0.1635500,5.000000,0.002611990,1.192800,5.000000,6.124000e-05,1.097875,5.000000,0,0.2011750,5.000000,0.0001870800,0.2350500,5.000000,0.0001000000,0.07040000,5.000000,0.004023680,0.2758250,5.000000,0.002129560,0.2254000,5.000000,0.0002549500,0.2255750,5.000000,0.0008276500,101519.4,1.740000,67.72000,0.05000000,0.06000000,0.04000000,19.60000,0,19.54000,0.01000000,0.1870125,0,1.155038,0
42604.44069530,0.1362250,5.000000,0.006110130,0.3347750,5.000000,0.0006726800,1.174200,5.000000,6.122000e-05,1.217700,5.000000,6.126000e-05,1.546300,5.000000,0.001736730,0,5.000000,0,1.274425,5.000000,6.126000e-05,0.1680500,5.000000,6.124000e-05,1.192900,5.000000,4.999000e-05,1.097850,5.000000,5.000000e-05,0.2012750,5.000000,0.0001224800,0.2352250,5.000000,5.000000e-05,0.07415001,5.000000,0.001135780,0.2780750,5.000000,0.001459020,0.2258500,5.000000,0.001105100,0.2257250,5.000000,0.0006344300,101518.8,1.600000,67.92000,0.01000000,0.1000000,0,19.60000,0,19.53000,0.01000000,0.1871625,0,1.155113,0
42604.44071879,0.1312250,5.000000,0.004937360,0.3354250,5.000000,0.001454730,1.173850,5.000000,0.0001457700,1.217125,5.000000,0.0001581200,1.540850,5.000000,0.0007390700,0,5.000000,0,1.274500,5.000000,0,0.1704500,5.000000,0.001950320,1.192975,5.000000,5.002000e-05,1.097600,5.000000,9.353000e-05,0.2014250,5.000000,0.0002031000,0.2352000,5.000000,0.0001000000,0.07377501,5.000000,0.001521510,0.2804500,5.000000,0.002214440,0.2266250,5.000000,0.001294220,0.2251000,5.000000,0.0008193000,101518.0,4.520000,67.93000,0,0.1000000,0,19.60000,0,19.53000,0.01000000,0.1874250,0,1.155150,0
42604.44073054,,,,,,,,,,,,,,,,,,,,,,,,,,,,,,,,5.000000,,,,,,,,,,,0.2280750,5.000000,6.124000e-05,0.2254000,5.000000,0.0007640400,,,,,,,,,,,,,,
42604.44074229,0.1303500,5.000000,0.002020830,0.3372250,5.000000,0.0008602300,1.173250,5.000000,0.0001118100,1.216275,5.000000,0.0002000000,1.544400,5.000000,0.0008923200,0,5.000000,0,1.274675,5.000000,6.121000e-05,0.1609250,5.000000,0.001544340,1.193000,5.000000,0,1.097375,5.000000,7.905000e-05,0.2013250,5.000000,0.0006689500,0.2351250,5.000000,0.0001118000,0.07605001,5.000000,6.124000e-05,0.2808750,5.000000,0.0009650200,0.2280750,5.000000,6.124000e-05,0.2254000,5.000000,0.0007640400,101520.4,0.8000000,67.87000,0.03000000,0.1000000,0.01000000,19.62000,0.04000000,19.53000,0.01000000,0.1872750,0,1.154550,0
42604.44076582,0.1331250,5.000000,0.0005062100,0.3371250,5.000000,0.0009420800,1.172700,5.000000,6.124000e-05,1.215475,5.000000,9.353000e-05,1.550300,5.000000,0.001663220,0,5.000000,0,1.274650,5.000000,4.999000e-05,0.1697250,5.000000,0.001858090,1.193000,5.000000,7.905000e-05,1.097100,5.000000,4.999000e-05,0.2009500,5.000000,0.0007770100,0.2352500,5.000000,0,0.07270001,5.000000,0.0009239900,0.2795250,5.000000,0.001599610,0.2265000,5.000000,0.001530930,0.2246500,5.000000,0.0007681100,101519.2,2.320000,67.81000,0.01000000,0.1100000,0,19.62000,0.04000000,19.54000,0.01000000,0.1870500,0,1.155225,0
42604.44078933,0.1300500,5.000000,0.001615550,0.3355750,5.000000,0.0006403100,1.172375,5.000000,0,1.215300,5.000000,0.0001275000,1.542775,5.000000,0.001300020,0,5.000000,0,1.274500,5.000000,0,0.1930250,5.000000,0.0006864700,1.192925,5.000000,6.126000e-05,1.097050,5.000000,6.124000e-05,0.2005500,5.000000,0.0006782400,0.2352000,5.000000,0.0001000000,0.06812500,5.000000,0.002900430,0.2767250,5.000000,0.0003657200,0.2260500,5.000000,0.0003316600,0.2254500,5.000000,0.0006500000,101521.8,2.140000,67.91000,0.03000000,0.1000000,0,19.62000,0.04000000,19.54000,0,0.1874250,0,1.155075,0
42604.44081284,0.1334500,5.000000,0.001486610,0.3384250,5.000000,0.001105670,1.172375,5.000000,0,1.215175,5.000000,6.124000e-05,1.539875,5.000000,0.002202260,0,5.000000,0,1.274525,5.000000,4.999000e-05,0.1936500,5.000000,0.0007721700,1.192875,5.000000,0,1.097050,5.000000,6.121000e-05,0.2003250,5.000000,0.0005894900,0.2351500,5.000000,0.0001457700,0.06790000,5.000000,0.002955290,0.2773000,5.000000,0.001065360,0.2258250,5.000000,0.0004717000,0.2259750,5.000000,0.0006442000,101524.4,2.870000,68.03000,0.02000000,0.1000000,0,19.64000,0.05000000,19.54000,0.01000000,0.1872000,0,1.155038,0
42604.44083634,0.1320250,5.000000,0.001500830,0.3389750,5.000000,0.001309580,1.172400,5.000000,5.000000e-05,1.215275,5.000000,4.999000e-05,1.545675,5.000000,0.001988390,0,5.000000,0,1.274525,5.000000,9.356000e-05,0.2003250,5.000000,0.002563690,1.192800,5.000000,6.126000e-05,1.097050,5.000000,6.126000e-05,0.2002750,5.000000,0.0005500000,0.2351750,5.000000,0.0001000000,0.07032501,5.000000,0.004397160,0.2776000,5.000000,0.003042820,0.2265250,5.000000,0.0008993100,0.2257250,5.000000,0.0005442900,101520.6,4.840000,68.13000,0.02000000,0.1000000,0.01000000,19.70000,0,19.54000,0.01000000,0.1870500,0,1.155225,0
42604.44085987,0.1317250,5.000000,0.004837610,0.3376750,5.000000,0.001382030,1.172525,5.000000,5.002000e-05,1.215425,5.000000,6.122000e-05,1.548700,5.000000,0.0005733700,0,5.000000,0,1.274275,5.000000,0.0001224900,0.2014750,5.000000,0.0009695300,1.192700,5.000000,6.126000e-05,1.097125,5.000000,0,0.2002000,5.000000,0.0004000000,0.2351500,5.000000,0.0001224700,0.06567501,5.000000,0.001053570,0.2750750,5.000000,0.0007810200,0.2258250,5.000000,0.0003500000,0.2254000,5.000000,0.0004430000,101524.0,2.100000,68.22000,0.02000000,0.1000000,0,19.66000,0.05000000,19.54000,0.01000000,0.1870500,0,1.155038,0
42604.44088338,0.1301000,5.000000,0.002969000,0.3391750,5.000000,0.001856740,1.172650,5.000000,4.999000e-05,1.215600,5.000000,4.999000e-05,1.551825,5.000000,0.001200530,0,5.000000,0,1.274200,5.000000,6.124000e-05,0.2014000,5.000000,0.001019810,1.192625,5.000000,0,1.097250,5.000000,0,0.2002000,5.000000,0.0003409500,0.2352500,5.000000,7.906000e-05,0.06882500,5.000000,0.003468250,0.2770500,5.000000,0.001678170,0.2259000,5.000000,0.0009598200,0.2258500,5.000000,0.0008710600,101522.4,3.980000,68.32000,0.06000000,0.1000000,0,19.64000,0.05000000,19.55000,0,0.1870500,0,1.155113,0
42604.44090688,0.1311000,5.000000,0.001643930,0.3394250,5.000000,0.001128050,1.172800,5.000000,6.122000e-05,1.215775,5.000000,4.999000e-05,1.550425,5.000000,0.001144560,0,5.000000,0,1.274350,5.000000,4.999000e-05,0.2008250,5.000000,0.003869430,1.192725,5.000000,4.999000e-05,1.097350,5.000000,9.355000e-05,0.2002500,5.000000,0.0005000000,0.2351500,5.000000,0.0001224700,0.07442501,5.000000,0.0005220100,0.2784750,5.000000,0.0005884300,0.2254250,5.000000,0.0007566300,0.2257000,5.000000,0.0006828300,101522.6,4.220000,68.69000,0.04000000,0.1000000,0,19.68000,0.04000000,19.55000,0,0.1869000,0,1.155150,0
42604.44093038,0.1295250,5.000000,0.001255990,0.3380000,5.000000,0.001112430,1.172875,5.000000,0,1.215850,5.000000,9.354000e-05,1.552350,5.000000,0.002232420,0,5.000000,0,1.274225,5.000000,4.999000e-05,0.1984500,5.000000,0.004827400,1.192600,5.000000,5.002000e-05,1.097300,5.000000,6.124000e-05,0.2006250,5.000000,0.0005123500,0.2351500,5.000000,0.0001224700,0.07360000,5.000000,0.001019800,0.2784750,5.000000,0.0004962400,0.2268000,5.000000,0.002638180,0.2267500,5.000000,0.0004808900,101521.0,2.970000,68.81000,0.02000000,0.1000000,0,19.68000,0.04000000,19.55000,0.01000000,0.1872750,0,1.155038,0
42604.44095390,0.1284500,5.000000,0.0005037400,0.3383250,5.000000,0.001017360,1.172825,5.000000,6.122000e-05,1.215675,5.000000,0.0001695800,1.550825,5.000000,0.001861790,0,5.000000,0,1.274225,5.000000,4.999000e-05,0.1967500,5.000000,0.005108820,1.192475,5.000000,9.353000e-05,1.097150,5.000000,9.356000e-05,0.2002750,5.000000,0.0004286600,0.2351750,5.000000,0.0001000000,0.07142501,5.000000,0.002613190,0.2760500,5.000000,0.0006964200,0.2259500,5.000000,0.0007968700,0.2258500,5.000000,0.0009727500,101521.4,1.860000,68.97000,0.04000000,0.1000000,0,19.70000,0,19.55000,0.01000000,0.1872375,0,1.155038,0
42604.44097740,0.1305250,5.000000,0.001962780,0.3378250,5.000000,0.001023470,1.172425,5.000000,6.126000e-05,1.215100,5.000000,5.000000e-05,1.554225,5.000000,0.003361010,0,5.000000,0,1.274250,5.000000,0,0.1939250,5.000000,0.0006689500,1.192375,5.000000,7.905000e-05,1.096875,5.000000,0,0.2000750,5.000000,6.124000e-05,0.2352250,5.000000,5.000000e-05,0.07360000,5.000000,0.001113550,0.2798750,5.000000,0.0004541500,0.2257500,5.000000,0.0004937100,0.2254750,5.000000,0.0001457800,101522.8,1.330000,69.22000,0.04000000,0.1000000,0,19.70000,0,19.56000,0.01000000,0.1872000,0,1.155113,0
42604.44100092,0.1313500,5.000000,0.004651880,0.3377750,5.000000,0.0009695400,1.172300,5.000000,6.126000e-05,1.214950,5.000000,6.124000e-05,1.560425,5.000000,0.001354650,0,5.000000,0,1.273650,5.000000,0.0002669500,0.1967750,5.000000,0.003102820,1.191800,5.000000,0.0001870800,1.096550,5.000000,0.0001000200,0.2000250,5.000000,5.000000e-05,0.2351250,5.000000,0.0001118000,0.07332500,5.000000,0.001094300,0.2786250,5.000000,0.001286960,0.2272500,5.000000,0.002570260,0.2257250,5.000000,0.0005147800,101522.2,2.140000,69.34000,0.01000000,0.1000000,0,19.70000,0,19.55000,0.01000000,0.1871625,0,1.155038,0
42604.44102445,0.1299250,5.000000,0.0008007800,0.3372250,5.000000,0.001884810,1.172100,5.000000,5.000000e-05,1.214700,5.000000,9.999000e-05,1.555200,5.000000,0.001363790,0,5.000000,0,1.272700,5.000000,0.0001499700,0.2005750,5.000000,0.0007141400,1.191125,5.000000,0.0001369400,1.096200,5.000000,9.999000e-05,0.2016000,5.000000,0.0005556600,0.2350750,5.000000,0.0001000000,0.07292501,5.000000,0.0005220200,0.2788750,5.000000,0.001191120,0.2248250,5.000000,0.0005396700,0.2259000,5.000000,0.0009062300,101520.6,3.610000,69.31000,0.02000000,0.1000000,0,19.70000,0,19.56000,0.01000000,0.1869000,0,1.155150,0
42604.44104794,0.1297000,5.000000,0.0009637200,0.3365500,5.000000,0.001329000,1.172000,5.000000,0,1.214600,5.000000,9.353000e-05,1.549000,5.000000,0.003029020,0,5.000000,0,1.272250,5.000000,7.905000e-05,0.2005250,5.000000,0.0004568900,1.190750,5.000000,7.905000e-05,1.095950,5.000000,6.124000e-05,0.2020750,5.000000,0.0001000000,0.2351500,5.000000,0.0001224700,0.07277501,5.000000,0.0004358900,0.2800000,5.000000,0.001211920,0.2241000,5.000000,0.0001457700,0.2256000,5.000000,0.0004213100,101521.8,3.310000,69.21000,0.02000000,0.1000000,0,19.70000,0,19.56000,0.01000000,0.1870500,0,1.152188,0
42604.44107146,0.1292500,5.000000,0.001183220,0.3349500,5.000000,0.001839840,1.172000,5.000000,0,1.214650,5.000000,4.999000e-05,1.539525,5.000000,0.0009663000,0,5.000000,0,1.272175,5.000000,6.122000e-05,0.2055250,5.000000,0.009302020,1.190750,5.000000,7.905000e-05,1.095825,5.000000,6.121000e-05,0.2020750,5.000000,0.0001000000,0.2350750,5.000000,0.0001000000,0.07252501,5.000000,0.0005147800,0.2806500,5.000000,0.001233390,0.2259750,5.000000,0.003159700,0.2265750,5.000000,0.0009137800,101521.4,3.830000,69.16000,0.01000000,0.1000000,0,19.70000,0,19.56000,0.01000000,0.1870500,0,1.155075,0
42604.44109497,0.1294500,5.000000,0.0006403100,0.3342250,5.000000,0.001479860,1.171825,5.000000,6.122000e-05,1.214325,5.000000,6.124000e-05,1.541775,5.000000,0.003103810,0,5.000000,0,1.272550,5.000000,9.999000e-05,0.2155500,5.000000,0.01124072,1.190950,5.000000,6.124000e-05,1.095725,5.000000,5.002000e-05,0.2020750,5.000000,6.124000e-05,0.2351500,5.000000,0.0001224700,0.06695001,5.000000,0.003479940,0.2741500,5.000000,0.002401040,0.2254750,5.000000,0.0006726800,0.2256500,5.000000,0.0003297800,101523.6,1.860000,69.15000,0,0.1000000,0,19.70000,0,19.57000,0.01000000,0.1869375,0,1.155188,0
42604.44110672,,,,,,,,,,,,,,,,0,5.000000,0,1.272550,5.000000,9.999000e-05,0.2155500,5.000000,0.01124072,1.190950,5.000000,6.124000e-05,1.095725,5.000000,5.002000e-05,,,,,,,,,,,,,,,,,,,101523.6,1.860000,69.15000,0,0.1000000,0,19.70000,0,19.57000,0.01000000,0.1869375,0,1.155188,0
42604.44111847,0.1293250,5.000000,0.001661330,0.3368500,5.000000,0.001007470,1.171625,5.000000,0,1.214075,5.000000,9.999000e-05,1.549475,5.000000,0.001675940,0,5.000000,0,1.272875,5.000000,0,0.2240750,5.000000,0.0001000000,1.191175,5.000000,9.999000e-05,1.095725,5.000000,4.999000e-05,0.2004500,5.000000,0.0008389000,0.2351250,5.000000,0.0001118000,0.07045001,5.000000,0.003225490,0.2755750,5.000000,0.001770590,0.2268250,5.000000,0.002706010,0.2262500,5.000000,0.0005062100,101522.4,3.670000,69.15000,0,0.1000000,0,19.70000,0,19.56000,0,0.1871250,0,1.155113,0
42604.44114198,0.1314500,5.000000,0.003901600,0.3365500,5.000000,0.001236420,1.171475,5.000000,4.999000e-05,1.213925,5.000000,9.997000e-05,1.548500,5.000000,0.001045830,0,5.000000,0,1.272875,5.000000,0,0.2296250,5.000000,0.002960150,1.191350,5.000000,4.999000e-05,1.095700,5.000000,6.126000e-05,0.2008000,5.000000,0.0009798000,0.2351750,5.000000,6.124000e-05,0.06790000,5.000000,0.003746160,0.2762000,5.000000,0.0009137800,0.2253750,5.000000,0.0003873000,0.2260000,5.000000,0.0006937200,101523.4,2.870000,69.18000,0.01000000,0.1000000,0,19.70000,0,19.56000,0,0.1872375,0,1.155075,0
42604.44116549,0.1304000,5.000000,0.004800000,0.3356000,5.000000,0.001064770,1.171400,5.000000,4.999000e-05,1.213875,5.000000,7.905000e-05,1.549750,5.000000,0.001204180,0,5.000000,0,1.273050,5.000000,6.122000e-05,0.2316000,5.000000,0.002939390,1.191450,5.000000,6.124000e-05,1.095875,5.000000,7.906000e-05,0.2000000,5.000000,0,0.2352000,5.000000,6.124000e-05,0.06977501,5.000000,0.004018240,0.2779500,5.000000,0.001634780,0.2252500,5.000000,0.0004107900,0.2259500,5.000000,0.0005099000,101520.2,3.310000,69.29000,0.03000000,0.1000000,0,19.70000,0,19.56000,0.01000000,0.1871250,0,1.155188,0
42604.44118901,0.1287500,5.000000,0.001438320,0.3351500,5.000000,0.001082240,1.171350,5.000000,5.000000e-05,1.213825,5.000000,6.121000e-05,1.549100,5.000000,0.003474380,0,5.000000,0,1.273000,5.000000,0,0.2306750,5.000000,0.003353730,1.191500,5.000000,0,1.095875,5.000000,0,0.2004500,5.000000,0.0009000000,0.2352000,5.000000,0.0001000000,0.07210000,5.000000,0.0002000000,0.2782000,5.000000,0.001290840,0.2254500,5.000000,0.0002806200,0.2254250,5.000000,0.0004911700,101520.0,2.450000,69.47000,0.05000000,0.1000000,0,19.70000,0,19.56000,0.01000000,0.1870500,0,1.155038,0
42604.44121251,0.1280750,5.000000,0.0001500000,0.3353250,5.000000,0.001413330,1.171250,5.000000,0,1.213600,5.000000,9.353000e-05,1.548000,5.000000,0.002408320,0,5.000000,0,1.273225,5.000000,4.999000e-05,0.2253500,5.000000,0.001019800,1.191700,5.000000,0.0001000200,1.095825,5.000000,6.121000e-05,0.2002000,5.000000,0.0001000000,0.2351750,5.000000,0.0001000000,0.07047501,5.000000,0.003175490,0.2761000,5.000000,0.001481980,0.2257000,5.000000,0.0007929400,0.2259500,5.000000,0.001020420,101520.2,1.940000,69.57000,0.01000000,0.1000000,0,19.70000,0,19.57000,0.01000000,0.1870500,0,1.155075,0
42604.44122428,0.1280750,5.000000,0.0001500000,0.3353250,5.000000,0.001413330,1.171250,5.000000,0,1.213600,5.000000,9.353000e-05,1.548000,5.000000,0.002408320,0,5.000000,0,1.273225,5.000000,4.999000e-05,0.2253500,5.000000,0.001019800,1.191700,5.000000,0.0001000200,1.095825,5.000000,6.121000e-05,0.2002000,5.000000,0.0001000000,0.2351750,5.000000,0.0001000000,0.07047501,5.000000,0.003175490,0.2761000,5.000000,0.001481980,0.2257000,5.000000,0.0007929400,0.2259500,5.000000,0.001020420,101520.2,1.940000,69.57000,0.01000000,0.1000000,0,19.70000,0,19.57000,0.01000000,0.1870500,0,1.155075,0
42604.44124778,0.1298750,5.000000,0.002006240,0.3343500,5.000000,0.001779050,1.170925,5.000000,0.0001000200,1.213150,5.000000,0.0001658400,1.547200,5.000000,0.001393270,0,5.000000,0,1.273375,5.000000,0,0.2256250,5.000000,0.001332290,1.191750,5.000000,0,1.095675,5.000000,6.124000e-05,0.2001000,5.000000,0.0001224700,0.2352750,5.000000,5.000000e-05,0.06812500,5.000000,0.003288240,0.2765000,5.000000,0.0003259600,0.2258500,5.000000,0.0006955200,0.2255250,5.000000,0.0002150600,101522.8,4.260000,69.60000,0,0.1000000,0,19.70000,0,19.57000,0,0.1873500,0,1.155075,0
42604.44127129,0.1283250,5.000000,0.0002692600,0.3337750,5.000000,0.001146740,1.170350,5.000000,0.0001457700,1.212325,5.000000,0.0002179400,1.543375,5.000000,0.002459670,0,5.000000,0,1.273350,5.000000,9.355000e-05,0.2332500,5.000000,0.0009778800,1.191600,5.000000,9.353000e-05,1.095350,5.000000,0.0001457700,0.2001250,5.000000,0.0001118000,0.2350500,5.000000,6.124000e-05,0.07297501,5.000000,0.0008455800,0.2787250,5.000000,0.002407540,0.2269500,5.000000,0.002600000,0.2258250,5.000000,0.0006255000,101522.4,3.380000,69.68000,0.01000000,0.1000000,0,19.70000,0,19.57000,0,0.1871625,0,1.155000,0
42604.44128304,0.1306750,5.000000,0.004787740,0.3349250,5.000000,0.0007889800,1.169800,5.000000,0.0001274900,1.211450,5.000000,0.0001695500,1.536675,5.000000,0.001552430,0,5.000000,0,1.273150,5.000000,4.999000e-05,0.3925500,5.000000,0.3170390,1.191475,5.000000,4.999000e-05,1.094875,5.000000,7.905000e-05,0.2001250,5.000000,0.0001581100,0.2352000,5.000000,0.0001000000,0.07307500,5.000000,0.001218610,0.2806750,5.000000,0.001187430,0.2271000,5.000000,0.002578030,0.2262000,5.000000,0.001419950,101521.2,2.230000,69.73000,0,0.1000000,0,19.70000,0,19.58000,0.01000000,0.1872375,0,1.155038,0
42604.44129480,0.1306750,5.000000,0.004787740,0.3349250,5.000000,0.0007889800,1.169800,5.000000,0.0001274900,1.211450,5.000000,0.0001695500,1.536675,5.000000,0.001552430,0,5.000000,0,1.273150,5.000000,4.999000e-05,0.3925500,5.000000,0.3170390,1.191475,5.000000,4.999000e-05,1.094875,5.000000,7.905000e-05,0.2001250,5.000000,0.0001581100,0.2352000,5.000000,0.0001000000,0.07307500,5.000000,0.001218610,0.2806750,5.000000,0.001187430,0.2271000,5.000000,0.002578030,0.2262000,5.000000,0.001419950,101521.2,2.230000,69.73000,0,0.1000000,0,19.70000,0,19.58000,0.01000000,0.1872375,0,1.155038,0
42604.44131833,0.1307250,5.000000,0.004891580,0.3355500,5.000000,0.0005788000,1.169275,5.000000,9.356000e-05,1.210950,5.000000,9.999000e-05,1.545550,5.000000,0.003582580,0,5.000000,0,1.273250,5.000000,7.906000e-05,1.027175,5.000000,0.002794610,1.191450,5.000000,6.124000e-05,1.094600,5.000000,4.999000e-05,0.2004000,5.000000,0.0001457700,0.2350750,5.000000,0.0001000000,0.06812500,5.000000,0.003455070,0.2767000,5.000000,0.0006642600,0.2258250,5.000000,0.0007053400,0.2260000,5.000000,0.0003873000,101522.8,3.760000,69.71000,0.02000000,0.02000000,0.04000000,19.70000,0,19.58000,0.01000000,0.1873500,0,1.155150,0
42604.44134184,0.1329500,5.000000,0.005861740,0.3345000,5.000000,0.001332290,1.169075,5.000000,6.122000e-05,1.210825,5.000000,6.124000e-05,1.549475,5.000000,0.001734590,0,5.000000,0,1.273125,5.000000,0,1.033600,5.000000,0.0009918500,1.191400,5.000000,4.999000e-05,1.094475,5.000000,5.000000e-05,0.2002250,5.000000,0.0001837100,0.2352000,5.000000,0.0001274700,0.07255001,5.000000,0.0009798000,0.2802250,5.000000,0.0007475000,0.2258250,5.000000,0.0006873900,0.2255500,5.000000,0.0006828300,101525.4,2.800000,69.70000,0,0,0,19.70000,0,19.58000,0.01000000,0.1872375,0,1.155075,0
42604.44136534,0.1352250,5.000000,0.005797840,0.3349250,5.000000,0.0006204800,1.169200,5.000000,6.124000e-05,1.211075,5.000000,0.0001000200,1.552825,5.000000,0.0009798100,0,5.000000,0,1.273050,5.000000,6.126000e-05,1.030800,5.000000,0.003487120,1.191350,5.000000,4.999000e-05,1.094525,5.000000,4.999000e-05,0.2005000,5.000000,0.001000000,0.2352500,5.000000,7.906000e-05,0.06850001,5.000000,0.002962260,0.2788500,5.000000,0.001149460,0.2256000,5.000000,0.0008000000,0.2259250,5.000000,0.0008645800,101520.2,3.060000,69.79000,0.02000000,0.01000000,0,19.70000,0,19.57000,0,0.1871625,0,1.155075,0
42604.44138886,0.1352750,5.000000,0.004241470,0.3352500,5.000000,0.001604680,1.169400,5.000000,4.999000e-05,1.211350,5.000000,9.355000e-05,1.551000,5.000000,0.001650760,0,5.000000,0,1.272675,5.000000,0.0001000200,1.027800,5.000000,0.004559050,1.191125,5.000000,0.0001118000,1.094625,5.000000,0,0.2023250,5.000000,0.0002179400,0.2352000,5.000000,0.0001274700,0.06627501,5.000000,0.003029440,0.2763250,5.000000,0.001326650,0.2258750,5.000000,0.003190810,0.2258250,5.000000,0.0007053400,101522.4,3.260000,69.91000,0.02000000,0.01000000,0,19.70000,0,19.57000,0.01000000,0.1873500,0,1.155113,0
42604.44141237,0.1346250,5.000000,0.004295350,0.3357500,5.000000,0.001142910,1.169575,5.000000,6.126000e-05,1.211625,5.000000,7.905000e-05,1.544750,5.000000,0.001015500,0,5.000000,0,1.272500,5.000000,0,1.031500,5.000000,0.003564580,1.191000,5.000000,0,1.094800,5.000000,6.124000e-05,0.2022000,5.000000,0.0002449500,0.2351750,5.000000,0.0001000000,0.06932500,5.000000,0.003875890,0.2773000,5.000000,0.0007097500,0.2246750,5.000000,0.0005037400,0.2258250,5.000000,0.0007053400,101522.0,3.580000,69.98000,0.01000000,0.01000000,0,19.70000,0,19.58000,0.01000000,0.1871625,0,1.155075,0
42604.44143587,0.1311250,5.000000,0.003980420,0.3348250,5.000000,0.001116910,1.169700,5.000000,6.124000e-05,1.211850,5.000000,9.355000e-05,1.551175,5.000000,0.001452600,0,5.000000,0,1.272600,5.000000,4.999000e-05,1.033150,5.000000,0.0006244900,1.191075,5.000000,6.124000e-05,1.094925,5.000000,6.122000e-05,0.2023250,5.000000,0.0002179500,0.2351250,5.000000,0.0001118000,0.06475000,5.000000,0.0005123500,0.2758000,5.000000,0.0007008900,0.2247500,5.000000,0.0005755400,0.2259000,5.000000,0.0005385100,101521.4,1.850000,70.00000,0.01000000,0.01000000,0,19.70000,0,19.57000,0.01000000,0.1497750,0.07000000,1.155075,0
42604.44145938,0.1309000,5.000000,0.003790950,0.3344500,5.000000,0.0002915500,1.169925,5.000000,6.122000e-05,1.212150,5.000000,0.0001224800,1.552675,5.000000,0.001050580,0,5.000000,0,1.272650,5.000000,9.353000e-05,1.029450,5.000000,0.004009810,1.191175,5.000000,6.124000e-05,1.095000,5.000000,7.905000e-05,0.2024000,5.000000,0.0001457700,0.2351250,5.000000,0.0001118000,0.07222500,5.000000,0.0003905100,0.2776750,5.000000,0.0004911700,0.2264500,5.000000,0.002793520,0.2253750,5.000000,0.0009486800,101521.4,3.380000,70.09000,0.03000000,0.01000000,0,19.70000,0,19.58000,0.01000000,0.1873875,0,1.155150,0
42604.44148289,0.1313000,5.000000,0.004617630,0.3344250,5.000000,0.001668830,1.170100,5.000000,9.356000e-05,1.212375,5.000000,0,1.555075,5.000000,0.001674440,0,5.000000,0,1.272925,5.000000,6.126000e-05,1.029450,5.000000,0.004489320,1.191350,5.000000,4.999000e-05,1.095150,5.000000,4.999000e-05,0.2000750,5.000000,0.0001000000,0.2351500,5.000000,0.0001224800,0.07280001,5.000000,0.0004513900,0.2770500,5.000000,0.0006642600,0.2250500,5.000000,0.0004650300,0.2253750,5.000000,0.001198960,101527.0,2.190000,70.28000,0.03000000,0.01000000,0,19.70000,0,19.58000,0.01000000,0.1873500,0,1.155188,0
42604.44150640,0.1316000,5.000000,0.003789290,0.3349750,5.000000,0.0005500000,1.170150,5.000000,5.002000e-05,1.212450,5.000000,9.999000e-05,1.557725,5.000000,0.001465010,0,5.000000,0,1.272800,5.000000,0.0001000200,1.029700,5.000000,0.004031580,1.191325,5.000000,6.124000e-05,1.095125,5.000000,0,0.2025250,5.000000,5.000000e-05,0.2352250,5.000000,5.000000e-05,0.07095000,5.000000,0.002837910,0.2758500,5.000000,0.001677790,0.2250250,5.000000,0.0004213100,0.2257750,5.000000,0.0005989600,101522.4,2.940000,70.52000,0.02000000,0.01000000,0,19.70000,0,19.58000,0.01000000,0.1873500,0,1.155113,0
42604.44152992,0.1312000,5.000000,0.004206100,0.3347250,5.000000,0.001830980,1.169950,5.000000,0.0001274500,1.212075,5.000000,0.0001274500,1.550600,5.000000,0.003278140,0,5.000000,0,1.272550,5.000000,6.126000e-05,1.027725,5.000000,0.004461240,1.191300,5.000000,6.124000e-05,1.094925,5.000000,6.126000e-05,0.2023500,5.000000,0.0001837100,0.2351500,5.000000,0.0001224700,0.07277501,5.000000,0.0004962400,0.2793750,5.000000,0.001407570,0.2248750,5.000000,0.0004472100,0.2257500,5.000000,0.0005534000,101522.2,2.640000,70.65000,0.02000000,0.01000000,0,19.70000,0,19.58000,0.01000000,0.1871625,0,1.155113,0
42604.44155342,0.1293250,5.000000,0.0009137800,0.3349000,5.000000,0.0007176300,1.169400,5.000000,0.0001457800,1.211275,5.000000,0.0002669500,1.541975,5.000000,0.0008116400,0,5.000000,0,1.272575,5.000000,6.124000e-05,1.025000,5.000000,0.0008514600,1.191275,5.000000,5.002000e-05,1.094475,5.000000,0.0001457700,0.2020250,5.000000,0.001025910,0.2351000,5.000000,0.0002000000,0.07267501,5.000000,0.0006204800,0.2782000,5.000000,0.001155430,0.2250750,5.000000,0.0007729800,0.2252000,5.000000,0.001008090,101525.8,3.190000,70.78000,0.03000000,0,0,19.70000,0,19.59000,0.01000000,0.1873875,0,1.155150,0
42604.44157693,0.1280500,5.000000,0.0001000000,0.3357250,5.000000,0.0007762100,1.168650,5.000000,0.0001224900,1.210275,5.000000,0.0002150700,1.543750,5.000000,0.001081090,0,5.000000,0,1.272700,5.000000,6.126000e-05,1.029775,5.000000,0.002983720,1.191250,5.000000,0,1.093975,5.000000,9.353000e-05,0.2000250,5.000000,5.000000e-05,0.2351750,5.000000,0.0001000000,0.07287501,5.000000,0.001024700,0.2785750,5.000000,0.001111310,0.2285250,5.000000,0.002940450,0.2255750,5.000000,0.0005567800,101524.2,2.710000,70.89000,0.01000000,0.01000000,0,19.70000,0,19.58000,0.01000000,0.1875375,0,1.155113,0
42604.44160046,0.1305000,5.000000,0.001843910,0.3360500,5.000000,0.001221170,1.168175,5.000000,0.0001000200,1.209550,5.000000,0.0001274900,1.542350,5.000000,0.0007390800,0,5.000000,0,1.272950,5.000000,6.126000e-05,1.052150,5.000000,0.009102680,1.191375,5.000000,0,1.093600,5.000000,9.353000e-05,0.2003750,5.000000,0.0001581100,0.2350000,5.000000,0,0.07010001,5.000000,0.003411740,0.2776000,5.000000,0.0004568900,0.2298500,5.000000,0.002895470,0.2265750,5.000000,0.0006403100,101523.8,3.310000,70.95000,0.01000000,0,0,19.70000,0,19.59000,0.01000000,0.1870125,0,1.155113,0
42604.44162395,0.1339000,5.000000,0.005455730,0.3344750,5.000000,0.002231030,1.167575,5.000000,0.0001695500,1.208750,5.000000,0.0001767800,1.539050,5.000000,0.002352640,0,5.000000,0,1.273100,5.000000,4.999000e-05,1.060350,5.000000,0.003730290,1.191250,5.000000,7.905000e-05,1.093300,5.000000,0.0001274900,0.2007500,5.000000,0,0.2351500,5.000000,9.354000e-05,0.07130002,5.000000,0.003230320,0.2785000,5.000000,0.001045820,0.2291250,5.000000,0.002831740,0.2264250,5.000000,0.001032590,101525.0,9.080000,70.91000,0.01000000,0.01000000,0,19.70000,0,19.59000,0,0.1872000,0,1.155075,0
42604.44164747,0.1290000,5.000000,0.001571230,0.3367750,5.000000,0.0008529300,1.167000,5.000000,0.0001581300,1.207950,5.000000,0.0001870700,1.539275,5.000000,0.0005884300,0,5.000000,0,1.273050,5.000000,6.121000e-05,1.065150,5.000000,0.001347210,1.191050,5.000000,6.126000e-05,1.092850,5.000000,9.353000e-05,0.2004750,5.000000,0.0002549500,0.2351750,5.000000,0.0001500000,0.06740001,5.000000,0.002870540,0.2774750,5.000000,0.0004062000,0.2286000,5.000000,0.002800000,0.2255000,5.000000,0.001003120,101524.2,2.320000,70.84000,0.01000000,0,0,19.70000,0,19.60000,0.01000000,0.1495125,0.07000000,1.155000,0
42604.44167098,0.1284000,5.000000,0.0008000000,0.3352000,5.000000,0.001278670,1.166550,5.000000,6.124000e-05,1.207500,5.000000,7.905000e-05,1.536750,5.000000,0.002202260,0,5.000000,0,1.272700,5.000000,0.0001274500,1.057200,5.000000,0.001174190,1.190700,5.000000,0.0001274500,1.092550,5.000000,0.0001000200,0.2008000,5.000000,0.001047610,0.2352000,5.000000,6.124000e-05,0.06917500,5.000000,0.003508560,0.2785500,5.000000,0.001484500,0.2288250,5.000000,0.002644100,0.2266500,5.000000,0.0004138300,101522.4,4.320000,70.89000,0.02000000,0.01000000,0,19.70000,0,19.59000,0,0.1872000,0,1.155188,0
42604.44169449,0.1292250,5.000000,0.001019800,0.3348250,5.000000,0.001116910,1.166300,5.000000,6.124000e-05,1.207150,5.000000,4.999000e-05,1.543550,5.000000,0.002664130,0,5.000000,0,1.271925,5.000000,0.0002692800,1.058125,5.000000,0.003055730,1.189925,5.000000,0.0002692800,1.092150,5.000000,0.0001457800,0.2024500,5.000000,0.0001695600,0.2351000,5.000000,0.0001224700,0.06437501,5.000000,0.0004609800,0.2756250,5.000000,0.001296630,0.2293000,5.000000,0.003310590,0.2256000,5.000000,0.0003000000,101519.8,8.730000,70.98000,0.01000000,0.01000000,0,19.70000,0,19.59000,0,0.1872000,0,1.153913,0
