,0
0,1.0000000000000002
1,0.8155320617285744
2,0.8423770625305775
3,0.835797238822876
4,0.8711841117500694
5,0.8555748784865109
6,0.7839818225029971
7,0.8152880612204845
8,0.7575268516455278
9,0.7566573197525446
10,0.7449199526895534
11,0.7697123513706217
12,0.8012187045010137
13,0.7462315906329768
14,0.7945928312990687
15,0.7950347828210045
16,0.780617427910135
17,0.7445500114505621
18,0.7099493795526031
19,0.7112605539105139
20,0.7287983029061558
21,0.7261282048825444
22,0.7180086591592598
23,0.7590721366872613
24,0.7582661160094932
25,0.7407170864330466
26,0.7522833904419175
27,0.6993182820509891
28,0.7191942018432778
29,0.7331207742248929
30,0.7830146285953761
31,0.7108714511370053
32,0.6831391476640392
33,0.6668002308037737
34,0.6819430970417373
35,0.655520268113136
36,0.6670592205767685
37,0.8896111722872289
38,0.9273142729634767
39,0.8696536614447365
40,0.8261721218834306
41,0.8217162924655921
42,0.814099891551896
43,0.8174208636350855
44,0.8182441915053211
45,0.7848403828721844
46,0.7946399624928415
47,0.7587165665991584
48,0.7623744108214459
49,0.7730623748125955
50,0.7841057543633443
51,0.7601454916772494
52,0.7659347475575997
53,0.7787943006178979
54,0.7662668293130686
55,0.7554917112455646
56,0.7260078271777934
57,0.7054176766392153
58,0.7012979467179536
59,0.756124041884642
60,0.7124243080754433
61,0.6788253299415357
62,0.6823576970184344
63,0.6920460161160868
64,0.6681637903245996
65,0.6845761082243469
66,0.6883898717073453
67,0.6851175761029704
68,0.70608693959079
69,0.6598065797618964
70,0.6833395711339518
71,0.6631332693997403
72,0.6867778303518091
73,0.6729198686260469
74,0.692120035269586
75,0.6930889289907527
76,0.6515590844371562
77,0.6934757138366987
78,0.6217446638989583
79,0.6143347130668375
80,0.6553238623843316
81,0.6562395983000628
82,0.6514818201850694
83,0.6319416908323492
84,0.6302075719585161
85,0.6139768250511721
86,0.6097634508563816
87,0.6001493054407323
88,0.6030513507491078
89,0.6238493421257993
90,0.6036059535505862
91,0.6050622301739157
92,0.6114218507631699
93,0.596053836494626
94,0.5913130565150919
95,0.5913940294512785
96,0.5912781330731487
97,0.6061567555689757
98,0.5993800625469574
99,0.5851965092629021
100,0.6131422166001319
101,0.6130068496304759
102,0.6109973609622057
103,0.6206272682852807
104,0.6198453540541635
105,0.6332247410025007
106,0.6355145443773413
107,0.5985921217041774
108,0.5932224107126578
109,0.5931395834344206
110,0.6020418160313434
111,0.6085969151783772
112,0.6206955698841252
113,0.5984284760182579
114,0.6133363044013735
115,0.6426151291441069
116,0.6316035824652182
117,0.6148251865390839
118,0.5903001221702355
119,0.6080036802508555
120,0.6202873055760991
121,0.602494275491563
122,0.6736209644494813
123,0.6405761255315396
124,0.5907423827491796
125,0.6090923335627567
126,0.6324074397439277
127,0.6072664247574444
128,0.5910838907434026
129,0.5587063059064814
130,0.6145300370961126
131,0.5953681935216089
132,0.6088676491176888
133,0.6011594582725135
134,0.5542106081345659
135,0.5735663849818073
136,0.5957413798591873
137,0.5700142382563744
138,0.5813235613628056
139,0.5767909312783925
140,0.5874156931113357
141,0.5772030587990229
142,0.5912045775051622
143,0.5721488950130251
144,0.5833345953161175
145,0.5641937676181812
146,0.5863800430763659
147,0.5851911007652562
148,0.5745042184736355
149,0.5604136913490925
150,0.5859099673666706
151,0.5802294995532582
152,0.5988773813228814
153,0.5855673776729182
154,0.5635549467819285
155,0.5787047668025798
156,0.5790955693896338
157,0.5346551804599327
158,0.5579882119475876
159,0.5759264988260471
160,0.5749046018279487
161,0.6133242511780479
162,0.6170782121299314
163,0.5824219499704697
164,0.553017029968331
165,0.5994032418225834
166,0.5528192334829891
167,0.5436147431319034
168,0.5502437069039319
169,0.5696370341776873
170,0.5708899512895249
171,0.556794942838361
172,0.5471083235542544
173,0.5216941021723929
174,0.5552541391232486
175,0.5398274040231186
176,0.5440928543238159
177,0.5316737075004119
178,0.5858755075102398
179,0.5405816576519891
180,0.5431808270921847
181,0.5349132430619019
182,0.5335028614043118
183,0.5071064568499242
184,0.5456831071602637
185,0.5608316909528814
186,0.5415701764931857
187,0.6008493195646376
188,0.5684593724473823
189,0.565983516753517
190,0.5678661375198608
191,0.6017411035622222
192,0.6538677402895061
193,0.6864845352508879
194,0.7158211536541821
195,0.7553918858318687
196,0.7460772166573073
197,0.7740196788959495
198,0.8055450390323551
199,0.7717828787980403
200,0.7692163148722251
201,0.7656644772038006
202,0.7721960880181997
203,0.8000838471663645
204,0.8161537299008639
205,0.8407682662736287
206,0.8121825018721129
207,0.8281418967261283
208,0.8482210215014052
209,0.8772541459225027
210,0.8169909653364751
211,0.8360228504389691
212,0.8393812184201688
213,0.8394844434609563
214,0.868320389510729
215,0.8361274662362943
216,0.8284676428129256
217,0.8565294010567897
218,0.8416632953698009
219,0.8205259593979446
220,0.8035211792131964
221,0.8226782324040709
222,0.8143302935516183
223,0.7938133895240183
224,0.7930626900507443
225,0.809619646630398
226,0.788330718195948
227,0.7426956694004818
228,0.7981788197669155
229,0.7679612343613289
230,0.7515098207500259
231,0.7550950365753517
232,0.7919811450500349
233,0.7745067527411038
234,0.7795932129844738
235,0.7628094085606938
236,0.7642459055354891
237,0.7583353447793628
238,0.763207010401932
239,0.7812985895565312
240,0.7986864459031249
241,0.7982081801827083
242,0.8055104246474201
243,0.784964932846548
244,0.7907767498885079
245,0.7555907640167399
246,0.813376234566852
247,0.7903987731672997
248,0.7755011436654595
249,0.8000286804903747
250,0.7659423194543042
251,0.773389048070418
252,0.8025430137817793
253,0.7576138511933774
254,0.7945490997323876
255,0.7145741086255029
256,0.770398148872143
257,0.7697072519299837
258,0.7094451530434853
259,0.7509573813476063
260,0.768970150965077
261,0.7637997817439408
262,0.7496502247308037
263,0.7977598929921015
264,0.7727533178042489
265,0.7367151072319646
266,0.7567809425558831
267,0.7465049515568594
268,0.7605250136834991
269,0.7849558156648018
270,0.778238152531378
271,0.7572511727940825
272,0.7682664281570715
273,0.7767936200743655
274,0.8096938203124011
275,0.7717556817813058
276,0.7865982991356604
277,0.7908122914444677
278,0.8011711097217284
279,0.7927497698297932
280,0.7577376285252202
281,0.7824400916168597
282,0.7448491786346418
283,0.7973442113158753
284,0.8014611597240615
285,0.7809648079875167
286,0.7995080739598146
287,0.7875395322545802
288,0.8025413139682334
289,0.7865941268660477
290,0.8004119111807244
291,0.7793394771806212
292,0.7818096153198326
293,0.7650400275184361
294,0.7600566377873494
295,0.7513763081224203
296,0.7571851891228005
297,0.742507453682399
298,0.7303097462054755
299,0.721731096296292
300,0.7338832178644841
301,0.7128177376470688
302,0.7001345016100329
303,0.6868601940445334
304,0.7097787800839956
305,0.6781746104104616
306,0.6804219184466549
307,0.7271561284923056
308,0.6931714472119812
309,0.724333356306571
310,0.6994657022439703
311,0.6561450268555089
312,0.7139957084343822
313,0.6782473933359272
314,0.7136466285434546
315,0.7012491157106351
316,0.7203763449002041
317,0.6746791756460606
318,0.676200354241143
319,0.6702910297130498
320,0.6850540648877552
321,0.6860439744854898
322,0.6886434529826939
323,0.7078108595833479
324,0.6919650431799
325,0.6635087736648817
326,0.6684552310834706
327,0.6547426806801357
328,0.6541559359497893
329,0.656954601688873
330,0.664622924179971
331,0.6914336196540478
332,0.6617065077207076
333,0.6516663272190526
334,0.6554389861199406
335,0.6617711006354521
336,0.683947640797874
337,0.6990078342861046
338,0.665051122665036
339,0.687557117598355
340,0.6580491270839328
341,0.6676124326217088
342,0.6483085773518698
343,0.6438496573639478
344,0.6672890044624742
345,0.6285366552428897
346,0.6624902762938749
347,0.6320699494908133
348,0.6103109453466677
349,0.616475396435151
350,0.6188430821760951
351,0.6247225827028828
352,0.6156554681920074
353,0.5997101354318717
354,0.6338128764893844
355,0.62527641286184
356,0.6000120841290264
357,0.6240542469223331
358,0.5906680545386722
359,0.5803297885524665
360,0.5979313578203322
361,0.6117737121671727
362,0.5885015649101619
363,0.5878927226037189
364,0.5996914374828668
365,0.5974377937780024
366,0.6534868275267187
367,0.5998082610320219
368,0.5820416553216989
369,0.5875485876249249
370,0.5680790777986118
371,0.5833257871913795
372,0.560571928537366
373,0.538223089092791
374,0.5419019491916459
375,0.5832248800781543
376,0.5806651154065228
377,0.5533967065030849
378,0.5411093724937408
379,0.548761469491901
380,0.5558303759153111
381,0.5638144001404355
382,0.5548817254281908
383,0.5613580150380961
384,0.5615762092859888
385,0.5737630997676202
386,0.5758269824693594
387,0.5736589475558072
388,0.5962752758411065
389,0.5728452004528304
390,0.5513462677812087
391,0.5740288887947982
392,0.5624998261554328
393,0.5478693764373082
394,0.5523405041770599
395,0.562915353303155
396,0.5752237031890666
397,0.5609512960151117
398,0.5345391295532984
399,0.5556535953065369
400,0.5228240145949083
401,0.5437734439056896
402,0.5468352716873801
403,0.54466878205887
404,0.5431734097239844
405,0.5883400826233007
406,0.5585488413607287
407,0.5741007445492388
408,0.5817072556386678
409,0.5329782371326435
410,0.5346840772902131
411,0.5400961290918762
412,0.5389328385124592
413,0.5629773192333285
414,0.5335963511493369
415,0.5879803402655852
416,0.5572120152711248
417,0.5933758575173018
418,0.5897544820219993
419,0.5826236096684161
420,0.6156169905944684
421,0.6155116021546219
422,0.5875461151688581
423,0.6161964724851181
424,0.585327240377433
425,0.6119478657913762
426,0.6222189118782662
427,0.6363613605802114
428,0.6414323679731642
429,0.6335770659920159
430,0.6319937669382558
431,0.6453808803118017
432,0.653785376596782
433,0.6468889239840292
434,0.6815433318014408
435,0.6458945330596737
436,0.6423632476823042
437,0.6898878710268019
438,0.6737890914620221
439,0.6941126803309012
440,0.7066738388496405
441,0.7014623650463943
442,0.6582565043365336
443,0.6870137953776816
444,0.6825975252569114
445,0.6554844175001677
446,0.687409851933878
447,0.6821917334049521
448,0.6477919885624184
449,0.6901514966549216
450,0.6771434417021132
451,0.6183039322250345
452,0.6452612752495714
453,0.6608409935688329
454,0.615335130602856
455,0.6328058142276867
456,0.6187931694692472
457,0.6385989333206414
458,0.5995296461389974
459,0.5983980339029358
460,0.6573855816870124
461,0.62365386356802
462,0.617200135119724
463,0.6273321055528582
464,0.6213886302253429
465,0.5827058188326362
466,0.6130204481388433
467,0.5964026073285451
468,0.6070924256617451
469,0.6237122753425974
470,0.59675786835964
471,0.620859370098549
472,0.6215060718885144
473,0.5723907321220565
474,0.5629076268779463
475,0.5879444896526169
476,0.5957892836954812
477,0.5802862115142897
478,0.5631931955536587
479,0.5484602934372671
480,0.5767964943045432
481,0.5814320403727351
482,0.5704682430016359
483,0.5677609036085187
484,0.568610655852968
485,0.5722437755145877
486,0.5342102928964174
487,0.5514487201794755
488,0.5584683320100541
489,0.5473411980100438
490,0.5445773011843993
491,0.5405226277633948
492,0.5090481075048623
493,0.5228354497042171
494,0.5408636721721052
495,0.5336354468608926
496,0.5390147386196711
497,0.5230919670211447
498,0.5304520051464174
499,0.5171939230738563
500,0.5142707073604089
501,0.5649265417849709
502,0.4956820100078841
503,0.5306663361817059
504,0.5233028984293415
505,0.5366617330866235
506,0.5138306101805235
507,0.5331684617212809
508,0.5351040857645561
509,0.5568311025083377
510,0.5368912079153207
511,0.5331468277306965
512,0.5372382789356944
513,0.5501658245378285
514,0.5501020042656048
515,0.5555936382469175
516,0.5576955349606834
517,0.5802154374593784
518,0.591302548576808
519,0.5639839179095136
520,0.6180115642951387
521,0.5840247196157555
522,0.5614913731371978
523,0.5905584938292132
524,0.5859342283418258
525,0.549884582660233
526,0.5685316917873353
527,0.5628657496533154
528,0.5700130020283414
529,0.5520424186925097
530,0.5990282011429549
531,0.5572035162033955
532,0.5689731797237589
533,0.5808418960152972
534,0.5576298603464096
535,0.5702840450246611
536,0.5520303654691843
537,0.5781384198347843
538,0.5671030757662527
539,0.595981517154673
540,0.5755856089458407
541,0.5699732882027686
542,0.5989041147541034
543,0.5496147758919463
544,0.5521172104885297
545,0.5684150227666847
546,0.5698590916381845
547,0.5738385096776566
548,0.5400692411321502
549,0.5322704965835294
550,0.5714413089924155
551,0.5338418969424683
552,0.5756718358511694
553,0.5281489123202179
554,0.5401536136954286
555,0.5474890817885376
556,0.5493990541001204
557,0.5595719745868604
558,0.5698882975254731
559,0.5959938794350068
560,0.5465716460592605
561,0.5817381613395025
562,0.5968445588504812
563,0.6192188954982449
564,0.5691320350260489
565,0.5605937170564546
566,0.5613198464975651
567,0.5434520246170089
568,0.5432508285045752
569,0.5681759671707285
570,0.5627713327372654
571,0.5659149060976638
572,0.5545348089363216
573,0.5547704649051859
574,0.5322473173079034
575,0.5834381294139137
576,0.5555758674689375
577,0.53623987027023
578,0.51733809816825
579,0.5200219492287328
580,0.5089102680791397
581,0.5349772178626298
582,0.5072127724607953
583,0.5363158982942835
584,0.5734421440644522
585,0.537292209383651
586,0.535925095707229
587,0.5293296646206063
588,0.5062020015149975
589,0.503200903435447
590,0.5231083470425872
591,0.5176641533120558
592,0.48271166001009375
593,0.5203574306112932
594,0.530751172330497
595,0.49673543082083377
596,0.5219104420782354
597,0.4678056859690282
598,0.529888439691697
599,0.44286818502254105
600,0.5492136198951123
601,0.5234101412112377
602,0.5045009517410572
603,0.4718135372532682
604,0.515089090318511
605,0.49001035031920953
606,0.4894120159510504
607,0.5134949742694588
608,0.4501389056724014
609,0.4991623009788763
610,0.5620815174946356
611,0.4934279027175073
612,0.4842853782965953
613,0.45943024104283264
614,0.49012161084221434
615,0.486820418407559
616,0.4647279417514076
617,0.4851470292358659
618,0.48716872565596586
619,0.5059306494616691
620,0.485452068503104
621,0.4709029007781747
622,0.503039730205594
623,0.4955591598470664
624,0.5036702065026213
625,0.5184219610965222
626,0.5046111305645327
627,0.5466781161986358
628,0.5180523289145393
629,0.5673592840261723
630,0.5055613263366949
631,0.5127101239967624
632,0.5687103267381599
633,0.5173413432668377
634,0.5393998236520712
635,0.5241231357294935
636,0.5604099826649926
637,0.5604915737151961
638,0.6206220143161387
639,0.5809128245987127
640,0.5999076228602052
641,0.5752720706108729
642,0.5691813296188803
643,0.5894032387320134
644,0.5815063685832425
645,0.5945468745219273
646,0.5706923093326872
647,0.5915516485255354
648,0.6079160625889892
649,0.5703515739809848
650,0.5827384243470166
651,0.5660311115328023
652,0.5647633596845643
653,0.5302433916657832
654,0.5894703041028244
655,0.5565776757614933
656,0.5540543798168467
657,0.5963602665184018
658,0.5427665361724958
659,0.5497215550883301
660,0.5770338500869532
661,0.554936273990164
662,0.591459549537048
663,0.5688311680284235
664,0.5976596967099954
665,0.5485724811312971
666,0.5409605615442219
667,0.5087235976460982
668,0.543865851951185
669,0.5583474907197907
670,0.5258634357434939
671,0.5589160010866443
672,0.5176939773133613
673,0.5843731813926667
674,0.590274779495551
675,0.5328088738920693
676,0.5239220941455642
677,0.5407310867155244
678,0.5749259267615245
679,0.5790346851589898
680,0.5993004803673081
681,0.533251598056526
682,0.5655364657909432
683,0.5735456781622483
684,0.5630728178489077
685,0.5941576172199148
686,0.5717380037204283
687,0.5855843758083772
688,0.6546790149364161
689,0.5635334673198484
690,0.6413907998055415
691,0.6343382734035738
692,0.6195919273073192
693,0.6145048489499325
694,0.6545105788668673
695,0.6638904590701895
696,0.6721229651300249
697,0.6902779009713351
698,0.6842240922918401
699,0.6768909421262939
700,0.7128494159904242
701,0.6969890739075841
702,0.703255050223309
703,0.6847779224507975
704,0.6764622800557167
705,0.6663309277365994
706,0.6622238691526803
707,0.6925431343140125
708,0.6878470130721845
709,0.7287558075675082
710,0.7138266542508167
711,0.7053207872670986
712,0.7183246699502945
713,0.7206906558776924
714,0.6845095064390483
715,0.6672661342438566
716,0.6691720888143307
717,0.6768062605060068
718,0.7030912500088855
719,0.678956524641579
720,0.6830227877003967
721,0.7025372653214241
722,0.6897965446808354
723,0.7038281964452884
724,0.679742920199317
725,0.6738654285430838
726,0.7130459762477326
727,0.7322826116182566
728,0.6477195146939609
729,0.7005535829133507
730,0.6995700089842873
731,0.7178992529783053
732,0.796984778015168
733,0.6947277037775113
734,0.767866508388271
735,0.7539379271361015
736,0.7270096354703495
737,0.8171779448265248
738,0.7902953935980077
739,0.7823578824526394
740,0.8366139219674322
741,0.857209944589169
742,0.8593395019051822
743,0.8605103643813035
744,0.8762909697559904
745,0.8798407985538605
746,0.9196615578513001
747,0.9099693755410432
748,0.929535002096952
749,0.9028952151484912
750,0.8990587359753794
751,0.8708960706182904
752,0.8960900888817052
753,0.8946759985400148
754,0.9010893950487215
755,0.8788527432981761
756,0.8949858281908822
757,0.8652298194272621
758,0.8946406115125594
759,0.8954892820574791
760,0.9050290992626211
761,0.8665501109669191
762,0.8792401462581387
763,0.8243292149426593
764,0.8418890615143979
765,0.8702223263400946
766,0.8706729314582642
767,0.8454758226247658
768,0.8241873577758281
769,0.8520534829334085
770,0.8057941389810823
771,0.827088012327666
772,0.8402584767383607
773,0.7793944893281073
774,0.7807374965578777
775,0.7956513515526562
776,0.8282403313832867
777,0.7941361995692364
778,0.8130351901581416
779,0.834878103280053
780,0.8040093347578801
781,0.7775395291640101
782,0.797896805246799
783,0.7436381387474353
784,0.7999541977513633
785,0.7914523485087537
786,0.7533768341374483
787,0.7925019061090992
788,0.7275293148298843
789,0.7396066446020566
790,0.7824725426027359
791,0.789371931257068
792,0.757595771358389
793,0.7398608439914218
794,0.7362082537382764
795,0.7242319856078334
796,0.765795053789827
797,0.7602311004685613
798,0.7067067534210294
799,0.8122396774186571
800,0.708239676182429
801,0.7159767638578847
802,0.7429095368502578
803,0.7404531517479183
804,0.7182338071898404
805,0.7110426687196296
806,0.6856369464054972
807,0.6906999183162328
808,0.7087471477901344
809,0.6873424775060584
810,0.699645573422828
811,0.7221429147599139
812,0.6953311375863083
813,0.7167002663144242
814,0.7059498728075884
815,0.6692791770677227
816,0.6872400251077915
817,0.6253481140877768
818,0.6269847254754763
819,0.686106249472672
820,0.6401233570143117
821,0.6583414950138289
822,0.6497252946781311
823,0.6556455907300205
824,0.6734639634892412
825,0.6711597889635126
826,0.6827321195840463
827,0.6328849328218233
828,0.6645461235133974
829,0.6704268602682182
830,0.6701630801115945
831,0.6613818433334395
832,0.6591181552758041
833,0.6810788191178958
834,0.6345433327286119
835,0.6266803043222551
836,0.6301904192945527
837,0.6340241169545895
838,0.6184335816400359
839,0.6250634725830893
840,0.5898510623371076
841,0.59955529787069
842,0.6128020993624463
843,0.6244836816354307
844,0.618695198397601
845,0.6765183739027316
846,0.6172636463349392
847,0.6103355153788315
848,0.6052396288967068
849,0.6316599853692411
850,0.6315379078509444
851,0.6183223211170308
852,0.6406261927668915
853,0.6127634672364031
854,0.7162096383136738
855,0.6238842655677426
856,0.5706382243562265
857,0.5810230034221884
858,0.6806835352042204
859,0.590130295344149
860,0.6095449475514805
861,0.6411134211405503
862,0.5400744951012919
863,0.5925398583097239
864,0.621895947304544
865,0.6000609151363452
866,0.5410642501705223
867,0.5452073138959139
868,0.5559198479192273
869,0.5734776856204118
870,0.5594196094817454
871,0.5572943789638494
872,0.61338281748113
873,0.6100317123396266
874,0.6205039545389504
875,0.6257746127592949
876,0.6271278188703409
877,0.607404264183167
878,0.6440400364810894
879,0.6109578016651374
880,0.643577841725107
881,0.6262046655864095
882,0.651847589154448
883,0.6604923772634177
884,0.6736174102938857
885,0.6791878538123264
886,0.6884113511694254
887,0.677826303162055
888,0.7084683783686054
889,0.6529932634843891
890,0.6591357715252799
891,0.6605449169548365
892,0.6561124213411285
893,0.6882951457342872
894,0.674407514535724
895,0.5688456937078157
896,0.6524363427553483
897,0.6491807362294242
898,0.655924051094541
899,0.6989732199011698
900,0.6643163396276917
901,0.6757846725649168
902,0.6284890604636042
903,0.6725245847123715
904,0.6558325702200702
905,0.6590047313537408
906,0.6946436402712408
907,0.6468472012879025
908,0.7219190029573666
909,0.658980779435594
910,0.6840133154121477
911,0.6264036982997847
912,0.6452858452817347
913,0.6906299169038423
914,0.6818890120652765
915,0.6468325210800061
916,0.6603083338149474
917,0.6336898718000625
918,0.6403194536861074
919,0.633180545850307
920,0.638922052422868
921,0.6416241378468432
922,0.5852478127262877
923,0.5923179553777311
924,0.6092026669147366
925,0.590537787009654
926,0.6212178762282312
927,0.5787817219976581
928,0.6142735197791849
929,0.6171407961741215
930,0.608857295707909
931,0.5871625754215
932,0.5893953577783004
933,0.6346348136030824
934,0.5947426621367151
935,0.598144298099083
936,0.5972035285656758
937,0.5818957804137594
938,0.6052768702662126
939,0.571437445779811
940,0.623079790175016
941,0.6279780347003028
942,0.5387113991659789
943,0.5716811372308925
944,0.5646507084050219
945,0.5701679941180271
946,0.546838516785968
947,0.5664668819145711
948,0.5779483497746511
949,0.4873767210225833
950,0.5752128861937744
951,0.53795127345395
952,0.5283430001214595
953,0.5615898077943557
954,0.5217007468980721
955,0.5679900693802078
956,0.6004821598387218
957,0.5654541020982191
958,0.5501199295720891
959,0.576584481196817
960,0.5303852488326144
961,0.5451234049181479
962,0.5308768040043899
963,0.5758639147818567
964,0.545505090323456
965,0.5662595046619705
966,0.5539681529115177
967,0.5737597001405281
968,0.5835527895640102
969,0.5742410564310283
970,0.520721036181613
971,0.5434884933439939
972,0.5446352493734643
973,0.5190726806275958
974,0.5545097753186454
975,0.5056886578241335
976,0.5548707539043944
977,0.538905796024229
978,0.5210645530463904
979,0.5088428936513201
980,0.552941156472782
981,0.5264606884121239
982,0.5393088063631131
983,0.5323987552419931
984,0.5622558256473431
985,0.5235853765349703
986,0.5250962017202732
987,0.5153899573161367
988,0.560834008880444
989,0.5309182176435083
990,0.5090142657624483
991,0.5305547666016928
992,0.5539438919363628
993,0.50518458584352
994,0.549742880021906
995,0.545834854151362
996,0.5498842736032248
997,0.5285550132291852
998,0.5815250665322476
999,0.5247477399433624
1000,0.5220819687178677
1001,0.5801479085030545
1002,0.5500017152663963
1003,0.5656421632877979
1004,0.5414145662894834
1005,0.5694562358278046
1006,0.5615899623228602
1007,0.5821873757011344
1008,0.5281476760921844
1009,0.566338468727603
1010,0.5584415985788322
1011,0.5694885322851768
1012,0.6098240260300176
1013,0.5617006047318485
1014,0.575330018799938
1015,0.6025882288221003
1016,0.5742663991057129
1017,0.5827124635583154
1018,0.5158232552418387
1019,0.5586384678931491
1020,0.5764509685692114
1021,0.5834239127915297
1022,0.5677604400230063
1023,0.5995298006675016
1024,0.5125324162169631
1025,0.5251952544914482
1026,0.575060057503147
1027,0.5647276636001002
1028,0.5506967844781683
1029,0.5583093221792597
1030,0.5718435466887788
1031,0.5794488215501743
1032,0.5186705974597368
1033,0.48677900476844066
1034,0.5220700700230465
1035,0.5769805377530135
1036,0.5458737953344135
1037,0.5142308390063322
1038,0.5981410530004956
1039,0.5478465062186906
1040,0.5096113639025741
1041,0.48307093878229695
1042,0.5089285024426322
1043,0.44870194511209344
1044,0.536811007621655
1045,0.4853907206869474
1046,0.4535465682464322
1047,0.4946873100265203
1048,0.4558274089680309
1049,0.4732673414205311
1050,0.446799081111703
1051,0.5135189261876056
1052,0.45632159112437726
1053,0.44865589561784996
1054,0.4754050887472652
1055,0.4308576115641715
1056,0.4305675615618381
1057,0.4138086362272298
1058,0.4348405837592397
1059,0.4269730740262619
1060,0.4149777988898054
1061,0.4552581259586563
1062,0.45002579080734656
1063,0.431190465962161
1064,0.42389285735257437
1065,0.4073542896649173
1066,0.4948086149022963
1067,0.4415002987035986
1068,0.4211292695839381
1069,0.3708274599624372
1070,0.3925486046230601
1071,0.39574162710479416
1072,0.40715664770807974
1073,0.39796714662189875
1074,0.3993376599254122
1075,0.405754765118219
1076,0.4025419629879509
1077,0.33769623961066236
1078,0.3868466573475677
1079,0.3445239270390577
1080,0.4309118510691364
1081,0.3776787902519712
1082,0.3739852499452197
1083,0.37832178335783656
1084,0.4004202866256507
1085,0.3595555327540163
1086,0.40197360714960134
1087,0.36286939652601374
1088,0.3692801660501494
1089,0.36949449708543797
1090,0.37913877555940095
1091,0.3535198039095094
1092,0.35399482453133835
1093,0.33605159274074536
1094,0.36206353037674976
1095,0.3589510172456903
1096,0.35828438127868634
1097,0.304264152261262
1098,0.37106589744437674
1099,0.3336672179213505
1100,0.35988189695483036
1101,0.33623038222007395
1102,0.3751962898324262
1103,0.3909487710193535
1104,0.3704837885691557
1105,0.3603178218651034
1106,0.3265737414657771
1107,0.31372361464423365
1108,0.3798015483138005
1109,0.2949000339653653
1110,0.3652747872219762
1111,0.3400184939713795
1112,0.3640135255709133
1113,0.3386115119408811
1114,0.33285795214499475
1115,0.3505349313228969
1116,0.33768573167237864
1117,0.2818184234445701
1118,0.34108844933427585
1119,0.3803301903265774
1120,0.32081755468531975
1121,0.42156009505357356
1122,0.30666119841799905
1123,0.28417173803462614
1124,0.31419569922448326
1125,0.3382196276542975
1126,0.35497098109220127
1127,0.35999578446240615
1128,0.31288359769554736
1129,0.3166125250297545
1130,0.329242603261355
1131,0.32247240043651215
1132,0.3437843536180841
1133,0.32071015737491926
1134,0.3376033679796542
1135,0.26942940967948015
1136,0.3336757169890801
1137,0.32137540258538555
1138,0.3034641581951565
1139,0.27852140327952757
1140,0.2922622323991261
1141,0.2556154885774075
1142,0.343155886191611
1143,0.3168333462622182
1144,0.27019432577513813
1145,0.311180693579557
1146,0.28989207420211527
1147,0.22767302633876546
1148,0.3051562453158547
1149,0.29256078146918907
1150,0.2594972446022421
1151,0.26004288475047815
1152,0.25290490408570276
1153,0.298094601732141
1154,0.3544146784771772
1155,0.2765247404771037
1156,0.3012034061791004
1157,0.2518714174497914
1158,0.35778355439666043
1159,0.27168228074182343
1160,0.23464782490313385
1161,0.22224675791471826
1162,0.29602639223228483
1163,0.25344559932180527
1164,0.2659639534448885
1165,0.2816495237895088
1166,0.2644127963199965
1167,0.2501376076329664
1168,0.26236143042709514
1169,0.27145326949863846
1170,0.28505625919251437
1171,0.3276305619058187
1172,0.3181658455537049
1173,0.2496403349065366
1174,0.24401688811116412
1175,0.29183372485705344
1176,0.29379886384462595
1177,0.25852155162689155
1178,0.2658687638863178
1179,0.22457673870064399
1180,0.21722040925947167
1181,0.24606191833539426
1182,0.24907862379386636
1183,0.20720479878998005
1184,0.28310023738668816
1185,0.2615305306601551
1186,0.2539615699972402
1187,0.2525501066401208
1188,0.21925616777345136
1189,0.2501584689810297
1190,0.2623088907356762
1191,0.23294492078714352
1192,0.2713692059923682
1193,0.2388176220597475
1194,0.2447138116649859
1195,0.24280955690805772
1196,0.23008969761553244
1197,0.25135421054632323
1198,0.245047284176992
1199,0.2180717067889626
1200,0.22922526516318675
1201,0.22445157061226356
1202,0.2419982822611476
1203,0.20535694693707507
1204,0.2616864499208659
1205,0.23987521514230997
1206,0.22777702402207406
1207,0.2299952806994826
1208,0.2432522810725144
1209,0.1987029495473706
1210,0.18737446490642218
1211,0.21234658023784414
1212,0.21635597680712593
1213,0.23608849414754202
1214,0.25588050496206477
1215,0.2100496685518114
1216,0.2547488927260034
1217,0.14922477685311353
1218,0.1820877357216435
1219,0.1951500301794169
1220,0.2963284954579437
1221,0.1928767613545228
1222,0.2071788380012789
1223,0.21318196133140532
1224,0.2395681670045175
1225,0.1723660384670896
1226,0.14452000201505172
1227,0.18664910810783247
1228,0.21059237265846825
1229,0.20875688308589713
1230,0.2587660157204938
1231,0.21672390917556267
1232,0.16091130403823162
1233,0.20732023158259744
1234,0.18658667859214645
1235,0.22151413827643235
1236,0.16801003446294704
1237,0.21158691811132796
1238,0.14118465878097408
1239,0.2236670293965755
1240,0.19254097091495398
1241,0.1770195098417659
1242,0.20921351481572942
1243,0.18230036694338603
1244,0.18361432281437207
1245,0.2202338696193561
1246,0.2053040981886478
1247,0.19796152178434684
1248,0.1914940402991796
1249,0.1420132406203516
1250,0.1663626060799549
1251,0.23273507107847613
1252,0.21016417417340383
1253,0.20395305547666015
1254,0.19562242381667483
1255,0.1742216167452032
1256,0.13426023650896618
1257,0.15614440874149205
1258,0.18720371090931065
1259,0.2108167480465279
1260,0.22687797718479352
1261,0.16374829284635017
1262,0.1447947536954719
1263,0.20356209836110162
1264,0.1761071735531265
1265,0.19973859958234036
1266,0.15389833693333238
1267,0.16683206367563352
1268,0.17001813237467966
1269,0.15181621986810062
1270,0.1791708556768673
1271,0.15722950789779733
1272,0.1415471826517648
1273,0.17809796427239172
1274,0.15629940083117788
1275,0.1868869274757553
1276,0.19867853404371116
1277,0.18460253259856063
1278,0.1709738911729919
1279,0.16682495536444159
1280,0.17025888778418174
1281,0.14311425621258672
1282,0.15390467260200347
1283,0.19120213595479613
1284,0.15129499522352396
1285,0.1043617524644978
1286,0.19235522765293767
1287,0.18982853208119915
1288,0.14103955651555533
1289,0.17150423299931483
1290,0.15411823099477107
1291,0.12636135748964117
1292,0.12150622641701864
1293,0.19606978383625667
1294,0.17652208258683183
1295,0.19249832104780212
1296,0.16220965253029612
1297,0.17660413722254792
1298,0.13435542606753703
1299,0.16546448641369943
1300,0.17711454487183254
1301,0.20223361681072333
1302,0.19045020025348858
1303,0.10378427944440202
1304,0.12444674932293337
1305,0.1635019744106978
1306,0.15012119670582313
1307,0.11870137953776816
1308,0.12818958422251608
1309,0.16426673597785174
1310,0.16214428697303074
1311,0.11136019389000473
1312,0.1487214775150209
1313,0.07947246441131287
1314,0.11549352231963356
1315,0.12013123178688417
1316,0.16291352986680574
1317,0.1310930202874292
1318,0.16594151590608258
1319,0.17096369229171643
1320,0.1195138904127116
1321,0.15185407935162315
1322,0.18614472707021068
1323,0.1652549457620403
1324,0.14525772109397528
1325,0.10008115837039186
1326,0.10539508457190508
1327,0.18575778769576057
1328,0.12757517888992287
1329,0.12370624873093466
1330,0.133208206452554
1331,0.13984798721987463
1332,0.09432528064694284
1333,0.13141289429106806
1334,0.13014761489889665
1335,0.11801836354932194
1336,0.09921054477787919
1337,0.08812436083147457
1338,0.11824922913455693
1339,0.07281444928049982
1340,0.09310079677987323
1341,0.1983302267953045
1342,0.0604731848231993
1343,0.0774014733983816
1344,0.09683312374117214
1345,0.1319994844929101
1346,0.07150420209361402
1347,0.14598848639021106
1348,0.13589700242517028
1349,0.09663517272732611
1350,0.12778224708551517
1351,0.09138831189662414
1352,0.11695088064249243
1353,0.06407926199658864
1354,0.11919942490671886
1355,0.07767220733769328
1356,0.10266224797559934
1357,0.09838659879362685
1358,0.1403764747041475
1359,0.13168903672802584
1360,0.1396860413475009
1361,0.11049483426663398
1362,0.1159833776778631
1363,0.09444457665216469
1364,0.1369255441489482
1365,0.09798065241316348
1366,0.08956224856280767
1367,0.06201089796822831
1368,0.09831427945367374
1369,0.07875035271131081
1370,0.11238425428716159
1371,0.08830654993789497
1372,0.06708097819015599
1373,0.14435125688849437
1374,0.08519851813345639
1375,0.13316617469941894
1376,0.06765736951072257
1377,0.13465706570768338
1378,0.0872480296843075
1379,0.09918195700460711
1380,0.12883968563957343
1381,0.1347123869121774
1382,0.11471129903150806
1383,0.16914751878216705
1384,0.06968648329902283
1385,0.10865579053846691
1386,0.09034354467990807
1387,0.06359945099113037
1388,0.026943744516169682
1389,0.14162475596085977
1390,0.10227113633153656
1391,0.07128183557610851
1392,0.13068630126444492
1393,0.12253754965387159
1394,0.10218058262809096
1395,0.1115423829964251
1396,0.07733162651449524
1397,0.058249828705153134
1398,0.04193594546256407
1399,0.09914610639163887
1400,0.09953891784924754
1401,0.054795807579870376
1402,0.07394080754741941
1403,0.13575236374526412
1404,0.10888789235173532
1405,0.06227668699540648
1406,0.08346826247222738
1407,0.09099936365161981
1408,0.057441799156830675
1409,0.09345853026703452
1410,0.04395903263920156
1411,0.09489085497221733
1412,0.08588385204946522
1413,0.08529633467659811
1414,0.09391268954080001
1415,0.074144630644424
1416,0.1386401924312557
1417,0.08305196268198436
1418,0.03698176161876646
1419,0.07852597732325106
1420,0.06454362015162951
1421,0.06119483293768882
1422,0.06217856139525643
1423,0.09930712509298756
1424,0.08274738700025866
1425,0.08028250283018959
1426,0.06556381733618205
1427,0.07447377635831323
1428,0.10300870088195599
1429,0.06321019368911768
1430,0.10301395485109788
1431,0.08175299607590317
1432,0.09342020719799957
1433,0.08515061429716264
1434,0.07356020384164041
1435,0.08800583746877366
1436,0.06287177626497806
1437,0.036133400130854726
1438,0.0685868584633253
1439,0.08842522782910014
1440,0.07898152735355407
1441,0.06343719606174836
1442,0.054991749723162175
1443,0.038662413630155795
1444,0.11558438508008745
1445,0.03886963635425225
1446,0.031285840954936694
1447,0.0629196801012718
1448,0.062486073118561386
1449,0.05976358993203526
1450,0.07110180986874656
1451,0.03733764076387766
1452,0.0613929384800391
1453,0.07175716525494574
1454,0.03923710513717649
1455,0.0
1456,0.03139122939478292
1457,0.08807583888116416
1458,0.05166289668625984
1459,0.08033272459404586
1460,0.011576966475659117
1461,0.06824519594059797
1462,0.045517607132294025
